Valor Objetivo:533.924647524
Runtime:12.5642080307
Gap:7.67860057137e-05
4_1_1_1_85_1.0
5_1_1_1_44_1.0
7_1_1_1_45_1.0
8_1_1_1_65_1.0
9_1_1_1_55_1.0
10_1_1_1_4_1.0
11_1_1_1_39_1.0
12_2_1_1_20_1.0
13_2_1_1_77_1.0
14_2_1_1_78_1.0
16_2_1_1_68_1.0
17_2_1_1_37_1.0
19_2_1_1_57_1.0
21_2_1_1_80_1.0
22_2_1_1_31_1.0
23_3_2_1_46_1.0
24_3_2_1_42_1.0
25_3_2_1_29_1.0
29_3_2_1_2_1.0
30_3_2_1_56_1.0
32_3_2_1_30_1.0
33_3_2_1_52_1.0
34_4_2_1_79_1.0
35_4_2_1_1_1.0
36_4_2_1_66_1.0
38_4_2_1_12_1.0
39_4_2_1_88_1.0
43_4_2_1_82_1.0
44_4_2_1_84_1.0
45_5_3_2_22_1.0
47_5_3_2_43_1.0
48_5_3_2_87_1.0
49_5_3_2_60_1.0
50_5_3_2_3_1.0
52_5_3_2_17_1.0
53_5_3_2_58_1.0
54_5_3_2_8_1.0
56_6_3_2_15_1.0
57_6_3_2_32_1.0
59_6_3_2_24_1.0
62_6_3_2_63_1.0
63_6_3_2_13_1.0
65_6_3_2_21_1.0
66_6_3_2_33_1.0
68_7_4_2_76_1.0
69_7_4_2_61_1.0
71_7_4_2_86_1.0
72_7_4_2_9_1.0
73_7_4_2_64_1.0
74_7_4_2_5_1.0
75_7_4_2_19_1.0
78_8_4_2_40_1.0
80_8_4_2_71_1.0
81_8_4_2_27_1.0
82_8_4_2_28_1.0
83_8_4_2_72_1.0
84_8_4_2_11_1.0
86_8_4_2_83_1.0
88_8_4_2_81_1.0
score_s_1_1_1_70.0
score_s_2_1_1_72.0
score_s_3_2_1_72.0
score_s_4_2_1_70.0
score_s_5_3_2_72.0
score_s_6_3_2_70.0
score_s_7_4_2_70.0
score_s_8_4_2_72.0
score_t_1_1_71.0
score_t_2_1_71.0
score_t_3_2_71.0
score_t_4_2_71.0
score_m_1_71.0
score_m_2_71.0
KMIN
70
MODELO MODIFICADO
SCORE
SUBTOPIC
0.99
DURACION
10.0
9.0
6.0
4.0
11.0
7.0
14.0
5.0
8.0
4.0
12.0
11.0
14.0
8.0
7.0
11.0
9.0
5.0
5.0
13.0
4.0
10.0
11.0
13.0
11.0
8.0
7.0
14.0
5.0
9.0
6.0
4.0
6.0
6.0
7.0
10.0
13.0
4.0
7.0
11.0
13.0
8.0
10.0
12.0
5.0
8.0
12.0
7.0
9.0
8.0
9.0
11.0
14.0
9.0
7.0
13.0
8.0
6.0
9.0
14.0
10.0
11.0
12.0
4.0
6.0
11.0
4.0
10.0
9.0
11.0
8.0
9.0
13.0
6.0
9.0
4.0
13.0
4.0
9.0
8.0
14.0
6.0
7.0
13.0
13.0
4.0
9.0
13.0
VALOR
11.0
9.0
9.0
9.0
12.0
9.0
9.0
9.0
9.0
9.0
11.0
13.0
11.0
9.0
9.0
12.0
9.0
9.0
9.0
9.0
9.0
14.0
14.0
9.0
12.0
9.0
9.0
9.0
9.0
13.0
9.0
9.0
9.0
9.0
9.0
9.0
14.0
9.0
9.0
11.0
12.0
9.0
14.0
10.0
9.0
9.0
10.0
9.0
9.0
9.0
9.0
9.0
13.0
9.0
9.0
10.0
9.0
9.0
9.0
12.0
11.0
11.0
12.0
9.0
9.0
13.0
9.0
10.0
9.0
13.0
9.0
9.0
12.0
9.0
9.0
9.0
9.0
9.0
10.0
9.0
9.0
9.0
9.0
11.0
10.0
9.0
9.0
13.0
ESTRES
0.26
0.33
0.31
0.24
0.31
0.38
0.39
0.31
0.2
0.39
0.26
0.32
0.24
0.4
0.27
0.38
0.23
0.39
0.28
0.28
0.27
0.3
0.44
0.35
0.4
0.39
0.32
0.26
0.31
0.23
0.27
0.21
0.21
0.46
0.4
0.43
0.23
0.46
0.3
0.31
0.5
0.33
0.36
0.2
0.36
0.23
0.48
0.42
0.45
0.48
0.49
0.4
0.47
0.46
0.34
0.3
0.22
0.33
0.48
0.4
0.23
0.42
0.37
0.27
0.2
0.2
0.5
0.4
0.47
0.46
0.4
0.4
0.41
0.47
0.44
0.32
0.23
0.36
0.38
0.34
0.32
0.24
0.4
0.27
0.23
0.33
0.35
0.35
