Valor Objetivo:650.911626313
Runtime:100.078080893
Gap:9.591504615e-05
1_1_1_1_25_1.0
2_1_1_1_18_1.0
3_1_1_1_44_1.0
4_1_1_1_85_1.0
7_1_1_1_50_1.0
9_1_1_1_86_1.0
10_1_1_1_11_1.0
11_1_1_1_49_1.0
12_2_1_1_76_1.0
13_2_1_1_57_1.0
14_2_1_1_79_1.0
16_2_1_1_52_1.0
18_2_1_1_58_1.0
20_2_1_1_27_1.0
21_2_1_1_9_1.0
22_2_1_1_40_1.0
23_3_2_1_30_1.0
24_3_2_1_46_1.0
25_3_2_1_36_1.0
26_3_2_1_68_1.0
29_3_2_1_33_1.0
32_3_2_1_70_1.0
33_3_2_1_24_1.0
34_4_2_1_72_1.0
35_4_2_1_77_1.0
38_4_2_1_43_1.0
39_4_2_1_63_1.0
40_4_2_1_1_1.0
41_4_2_1_38_1.0
43_4_2_1_80_1.0
44_4_2_1_32_1.0
45_5_3_2_6_1.0
47_5_3_2_75_1.0
48_5_3_2_54_1.0
49_5_3_2_20_1.0
50_5_3_2_61_1.0
53_5_3_2_60_1.0
54_5_3_2_35_1.0
55_5_3_2_31_1.0
57_6_3_2_83_1.0
59_6_3_2_53_1.0
60_6_3_2_42_1.0
62_6_3_2_73_1.0
63_6_3_2_21_1.0
65_6_3_2_78_1.0
66_6_3_2_67_1.0
68_7_4_2_28_1.0
69_7_4_2_39_1.0
70_7_4_2_65_1.0
73_7_4_2_23_1.0
74_7_4_2_8_1.0
75_7_4_2_62_1.0
76_7_4_2_84_1.0
78_8_4_2_34_1.0
79_8_4_2_15_1.0
80_8_4_2_56_1.0
81_8_4_2_71_1.0
82_8_4_2_19_1.0
83_8_4_2_7_1.0
84_8_4_2_48_1.0
86_8_4_2_74_1.0
88_8_4_2_51_1.0
score_s_1_1_1_76.0
score_s_2_1_1_76.0
score_s_3_2_1_75.0
score_s_4_2_1_77.0
score_s_5_3_2_77.0
score_s_6_3_2_75.0
score_s_7_4_2_75.0
score_s_8_4_2_81.0
score_t_1_1_76.0
score_t_2_1_76.0
score_t_3_2_76.0
score_t_4_2_78.0
score_m_1_76.0
score_m_2_77.0
KMIN
75
MODELO MODIFICADO
SCORE
SUBTOPIC
0.99
DURACION
10.0
9.0
6.0
4.0
11.0
7.0
14.0
5.0
8.0
4.0
12.0
11.0
14.0
8.0
7.0
11.0
9.0
5.0
5.0
13.0
4.0
10.0
11.0
13.0
11.0
8.0
7.0
14.0
5.0
9.0
6.0
4.0
6.0
6.0
7.0
10.0
13.0
4.0
7.0
11.0
13.0
8.0
10.0
12.0
5.0
8.0
12.0
7.0
9.0
8.0
9.0
11.0
14.0
9.0
7.0
13.0
8.0
6.0
9.0
14.0
10.0
11.0
12.0
4.0
6.0
11.0
4.0
10.0
9.0
11.0
8.0
9.0
13.0
6.0
9.0
4.0
13.0
4.0
9.0
8.0
14.0
6.0
7.0
13.0
13.0
4.0
9.0
13.0
VALOR
11.0
9.0
9.0
9.0
12.0
9.0
9.0
9.0
9.0
9.0
11.0
13.0
11.0
9.0
9.0
12.0
9.0
9.0
9.0
9.0
9.0
14.0
14.0
9.0
12.0
9.0
9.0
9.0
9.0
13.0
9.0
9.0
9.0
9.0
9.0
9.0
14.0
9.0
9.0
11.0
12.0
9.0
14.0
10.0
9.0
9.0
10.0
9.0
9.0
9.0
9.0
9.0
13.0
9.0
9.0
10.0
9.0
9.0
9.0
12.0
11.0
11.0
12.0
9.0
9.0
13.0
9.0
10.0
9.0
13.0
9.0
9.0
12.0
9.0
9.0
9.0
9.0
9.0
10.0
9.0
9.0
9.0
9.0
11.0
10.0
9.0
9.0
13.0
ESTRES
0.41
0.47
0.49
0.49
0.48
0.4
0.43
0.42
0.41
0.46
0.4
0.49
0.49
0.49
0.4
0.48
0.46
0.4
0.41
0.45
0.41
0.49
0.41
0.46
0.41
0.49
0.4
0.43
0.47
0.41
0.41
0.42
0.46
0.43
0.45
0.43
0.48
0.4
0.41
0.43
0.5
0.41
0.45
0.42
0.5
0.45
0.48
0.43
0.43
0.46
0.45
0.48
0.46
0.46
0.5
0.47
0.4
0.41
0.5
0.44
0.47
0.44
0.46
0.5
0.4
0.49
0.42
0.42
0.49
0.43
0.46
0.48
0.47
0.48
0.47
0.44
0.47
0.44
0.46
0.43
0.49
0.49
0.43
0.41
0.43
0.47
0.5
0.5
