Valor Objetivo:764.120423285
Runtime:11.1969130039
Gap:0.0
1_1_1_1_22_1.0
2_1_1_1_16_1.0
3_1_1_1_33_1.0
4_1_1_1_21_1.0
5_1_1_1_2_1.0
7_1_1_1_42_1.0
9_1_1_1_30_1.0
10_1_1_1_25_1.0
11_1_1_1_31_1.0
12_2_1_1_44_1.0
14_2_1_1_66_1.0
16_2_1_1_51_1.0
17_2_1_1_11_1.0
18_2_1_1_3_1.0
19_2_1_1_12_1.0
20_2_1_1_20_1.0
21_2_1_1_40_1.0
22_2_1_1_24_1.0
23_3_2_1_47_1.0
24_3_2_1_45_1.0
25_3_2_1_86_1.0
26_3_2_1_6_1.0
29_3_2_1_28_1.0
30_3_2_1_84_1.0
32_3_2_1_15_1.0
33_3_2_1_38_1.0
34_4_2_1_49_1.0
35_4_2_1_48_1.0
36_4_2_1_18_1.0
38_4_2_1_14_1.0
39_4_2_1_77_1.0
40_4_2_1_1_1.0
41_4_2_1_19_1.0
44_4_2_1_78_1.0
45_5_3_2_26_1.0
47_5_3_2_34_1.0
48_5_3_2_59_1.0
49_5_3_2_63_1.0
50_5_3_2_79_1.0
52_5_3_2_29_1.0
53_5_3_2_37_1.0
54_5_3_2_88_1.0
55_5_3_2_10_1.0
56_6_3_2_32_1.0
57_6_3_2_8_1.0
58_6_3_2_23_1.0
59_6_3_2_75_1.0
62_6_3_2_53_1.0
63_6_3_2_4_1.0
65_6_3_2_41_1.0
66_6_3_2_9_1.0
68_7_4_2_43_1.0
69_7_4_2_5_1.0
70_7_4_2_17_1.0
71_7_4_2_68_1.0
73_7_4_2_64_1.0
74_7_4_2_27_1.0
75_7_4_2_54_1.0
77_7_4_2_39_1.0
78_8_4_2_82_1.0
79_8_4_2_61_1.0
80_8_4_2_52_1.0
81_8_4_2_57_1.0
82_8_4_2_36_1.0
83_8_4_2_46_1.0
84_8_4_2_7_1.0
86_8_4_2_55_1.0
88_8_4_2_13_1.0
score_s_1_1_1_87.0
score_s_2_1_1_85.0
score_s_3_2_1_84.0
score_s_4_2_1_80.0
score_s_5_3_2_86.0
score_s_6_3_2_80.0
score_s_7_4_2_81.0
score_s_8_4_2_81.0
score_t_1_1_86.0
score_t_2_1_82.0
score_t_3_2_83.0
score_t_4_2_81.0
score_m_1_84.0
score_m_2_82.0
KMIN
80
MODELO MODIFICADO
SCORE
SUBTOPIC
1.03
DURACION
10.0
9.0
6.0
4.0
11.0
7.0
14.0
5.0
8.0
4.0
12.0
11.0
14.0
8.0
7.0
11.0
9.0
5.0
5.0
13.0
4.0
10.0
11.0
13.0
11.0
8.0
7.0
14.0
5.0
9.0
6.0
4.0
6.0
6.0
7.0
10.0
13.0
4.0
7.0
11.0
13.0
8.0
10.0
12.0
5.0
8.0
12.0
7.0
9.0
8.0
9.0
11.0
14.0
9.0
7.0
13.0
8.0
6.0
9.0
14.0
10.0
11.0
12.0
4.0
6.0
11.0
4.0
10.0
9.0
11.0
8.0
9.0
13.0
6.0
9.0
4.0
13.0
4.0
9.0
8.0
14.0
6.0
7.0
13.0
13.0
4.0
9.0
13.0
VALOR
11.0
9.0
9.0
9.0
12.0
9.0
9.0
9.0
9.0
9.0
11.0
13.0
11.0
9.0
9.0
12.0
9.0
9.0
9.0
9.0
9.0
14.0
14.0
9.0
12.0
9.0
9.0
9.0
9.0
13.0
9.0
9.0
9.0
9.0
9.0
9.0
14.0
9.0
9.0
11.0
12.0
9.0
14.0
10.0
9.0
9.0
10.0
9.0
9.0
9.0
9.0
9.0
13.0
9.0
9.0
10.0
9.0
9.0
9.0
12.0
11.0
11.0
12.0
9.0
9.0
13.0
9.0
10.0
9.0
13.0
9.0
9.0
12.0
9.0
9.0
9.0
9.0
9.0
10.0
9.0
9.0
9.0
9.0
11.0
10.0
9.0
9.0
13.0
ESTRES
0.38
0.24
0.21
0.37
0.27
0.28
0.37
0.2
0.25
0.27
0.25
0.21
0.37
0.38
0.28
0.3
0.01
0.05
0.06
0.09
0.19
0.29
0.21
0.29
0.29
0.31
0.39
0.4
0.27
0.36
0.3
0.27
0.23
0.38
0.44
0.25
0.3
0.38
0.21
0.31
0.27
0.36
0.31
0.28
0.31
0.38
0.2
0.35
0.37
0.4
0.36
0.37
0.37
0.25
0.37
0.39
0.32
0.4
0.33
0.39
0.22
0.4
0.35
0.22
0.37
0.29
0.39
0.28
0.44
0.41
0.47
0.47
0.47
0.37
0.33
0.39
0.29
0.2
0.34
0.4
0.39
0.26
0.37
0.22
0.4
0.25
0.35
0.31
