Valor Objetivo:911.842105934
Runtime:16.128223896
Gap:0.0
1_1_1_1_34_1.0
2_1_1_1_40_1.0
3_1_1_1_51_1.0
4_1_1_1_32_1.0
5_1_1_1_23_1.0
7_1_1_1_37_1.0
8_1_1_1_58_1.0
9_1_1_1_82_1.0
10_1_1_1_54_1.0
11_1_1_1_86_1.0
12_2_1_1_53_1.0
13_2_1_1_42_1.0
14_2_1_1_47_1.0
15_2_1_1_67_1.0
16_2_1_1_64_1.0
17_2_1_1_78_1.0
18_2_1_1_31_1.0
19_2_1_1_18_1.0
20_2_1_1_85_1.0
21_2_1_1_56_1.0
22_2_1_1_63_1.0
23_3_2_1_19_1.0
24_3_2_1_24_1.0
25_3_2_1_73_1.0
28_3_2_1_70_1.0
29_3_2_1_10_1.0
30_3_2_1_46_1.0
31_3_2_1_21_1.0
32_3_2_1_62_1.0
33_3_2_1_1_1.0
34_4_2_1_41_1.0
35_4_2_1_69_1.0
36_4_2_1_27_1.0
38_4_2_1_72_1.0
39_4_2_1_7_1.0
40_4_2_1_79_1.0
41_4_2_1_68_1.0
42_4_2_1_83_1.0
43_4_2_1_49_1.0
44_4_2_1_60_1.0
45_5_3_2_77_1.0
47_5_3_2_29_1.0
48_5_3_2_74_1.0
49_5_3_2_26_1.0
50_5_3_2_45_1.0
51_5_3_2_39_1.0
52_5_3_2_36_1.0
53_5_3_2_20_1.0
54_5_3_2_81_1.0
55_5_3_2_48_1.0
56_6_3_2_35_1.0
57_6_3_2_25_1.0
59_6_3_2_66_1.0
60_6_3_2_15_1.0
62_6_3_2_88_1.0
63_6_3_2_9_1.0
64_6_3_2_65_1.0
65_6_3_2_43_1.0
66_6_3_2_30_1.0
68_7_4_2_75_1.0
69_7_4_2_44_1.0
70_7_4_2_57_1.0
71_7_4_2_50_1.0
72_7_4_2_11_1.0
73_7_4_2_6_1.0
74_7_4_2_17_1.0
75_7_4_2_71_1.0
76_7_4_2_38_1.0
78_8_4_2_33_1.0
79_8_4_2_76_1.0
80_8_4_2_55_1.0
81_8_4_2_52_1.0
82_8_4_2_28_1.0
83_8_4_2_59_1.0
84_8_4_2_8_1.0
85_8_4_2_84_1.0
86_8_4_2_87_1.0
87_8_4_2_80_1.0
88_8_4_2_61_1.0
score_s_1_1_1_97.0
score_s_2_1_1_103.0
score_s_3_2_1_95.0
score_s_4_2_1_101.0
score_s_5_3_2_96.0
score_s_6_3_2_96.0
score_s_7_4_2_95.0
score_s_8_4_2_101.0
score_t_1_1_100.0
score_t_2_1_98.0
score_t_3_2_96.0
score_t_4_2_98.0
score_m_1_99.0
score_m_2_97.0
KMIN
95
MODELO MODIFICADO
SCORE
SUBTOPIC
0.99
DURACION
10.0
9.0
6.0
4.0
11.0
7.0
14.0
5.0
8.0
4.0
12.0
11.0
14.0
8.0
7.0
11.0
9.0
5.0
5.0
13.0
4.0
10.0
11.0
13.0
11.0
8.0
7.0
14.0
5.0
9.0
6.0
4.0
6.0
6.0
7.0
10.0
13.0
4.0
7.0
11.0
13.0
8.0
10.0
12.0
5.0
8.0
12.0
7.0
9.0
8.0
9.0
11.0
14.0
9.0
7.0
13.0
8.0
6.0
9.0
14.0
10.0
11.0
12.0
4.0
6.0
11.0
4.0
10.0
9.0
11.0
8.0
9.0
13.0
6.0
9.0
4.0
13.0
4.0
9.0
8.0
14.0
6.0
7.0
13.0
13.0
4.0
9.0
13.0
VALOR
11.0
9.0
9.0
9.0
12.0
9.0
9.0
9.0
9.0
9.0
11.0
13.0
11.0
9.0
9.0
12.0
9.0
9.0
9.0
9.0
9.0
14.0
14.0
9.0
12.0
9.0
9.0
9.0
9.0
13.0
9.0
9.0
9.0
9.0
9.0
9.0
14.0
9.0
9.0
11.0
12.0
9.0
14.0
10.0
9.0
9.0
10.0
9.0
9.0
9.0
9.0
9.0
13.0
9.0
9.0
10.0
9.0
9.0
9.0
12.0
11.0
11.0
12.0
9.0
9.0
13.0
9.0
10.0
9.0
13.0
9.0
9.0
12.0
9.0
9.0
9.0
9.0
9.0
10.0
9.0
9.0
9.0
9.0
11.0
10.0
9.0
9.0
13.0
ESTRES
0.41
0.47
0.49
0.49
0.48
0.4
0.43
0.42
0.41
0.46
0.4
0.49
0.49
0.49
0.4
0.48
0.46
0.4
0.41
0.45
0.41
0.49
0.41
0.46
0.41
0.49
0.4
0.43
0.47
0.41
0.41
0.42
0.46
0.43
0.45
0.43
0.48
0.4
0.41
0.43
0.5
0.41
0.45
0.42
0.5
0.45
0.48
0.43
0.43
0.46
0.45
0.48
0.46
0.46
0.5
0.47
0.4
0.41
0.5
0.44
0.47
0.44
0.46
0.5
0.4
0.49
0.42
0.42
0.49
0.43
0.46
0.48
0.47
0.48
0.47
0.44
0.47
0.44
0.46
0.43
0.49
0.49
0.43
0.41
0.43
0.47
0.5
0.5
