Valor Objetivo:549.677985778
Runtime:46.0029761791
Gap:0.0
1_1_1_1_66_1.0
2_1_1_1_67_1.0
3_1_1_1_78_1.0
4_1_1_1_13_1.0
5_1_1_1_9_1.0
7_1_1_1_52_1.0
9_1_1_1_58_1.0
10_1_1_1_51_1.0
11_1_1_1_71_1.0
12_2_1_1_54_1.0
14_2_1_1_69_1.0
16_2_1_1_36_1.0
17_2_1_1_73_1.0
18_2_1_1_7_1.0
19_2_1_1_8_1.0
20_2_1_1_12_1.0
21_2_1_1_61_1.0
22_2_1_1_50_1.0
23_3_2_1_84_1.0
24_3_2_1_33_1.0
25_3_2_1_85_1.0
26_3_2_1_83_1.0
29_3_2_1_22_1.0
30_3_2_1_75_1.0
32_3_2_1_68_1.0
33_3_2_1_32_1.0
34_4_2_1_37_1.0
35_4_2_1_27_1.0
36_4_2_1_15_1.0
38_4_2_1_77_1.0
39_4_2_1_74_1.0
40_4_2_1_1_1.0
41_4_2_1_11_1.0
44_4_2_1_70_1.0
45_5_3_2_46_1.0
47_5_3_2_4_1.0
48_5_3_2_48_1.0
49_5_3_2_34_1.0
50_5_3_2_31_1.0
52_5_3_2_88_1.0
53_5_3_2_57_1.0
54_5_3_2_59_1.0
55_5_3_2_82_1.0
56_6_3_2_86_1.0
57_6_3_2_10_1.0
58_6_3_2_81_1.0
59_6_3_2_29_1.0
62_6_3_2_49_1.0
63_6_3_2_53_1.0
65_6_3_2_72_1.0
66_6_3_2_6_1.0
68_7_4_2_44_1.0
69_7_4_2_87_1.0
70_7_4_2_14_1.0
71_7_4_2_60_1.0
73_7_4_2_76_1.0
74_7_4_2_65_1.0
75_7_4_2_80_1.0
77_7_4_2_79_1.0
78_8_4_2_62_1.0
79_8_4_2_64_1.0
80_8_4_2_43_1.0
81_8_4_2_35_1.0
82_8_4_2_56_1.0
83_8_4_2_39_1.0
84_8_4_2_63_1.0
86_8_4_2_55_1.0
88_8_4_2_41_1.0
score_s_1_1_1_87.0
score_s_2_1_1_85.0
score_s_3_2_1_84.0
score_s_4_2_1_80.0
score_s_5_3_2_86.0
score_s_6_3_2_80.0
score_s_7_4_2_81.0
score_s_8_4_2_81.0
score_t_1_1_86.0
score_t_2_1_82.0
score_t_3_2_83.0
score_t_4_2_81.0
score_m_1_84.0
score_m_2_82.0
KMIN
80
MODELO MODIFICADO
SCORE
SUBTOPIC
0.95
DURACION
10.0
9.0
6.0
4.0
11.0
7.0
14.0
5.0
8.0
4.0
12.0
11.0
14.0
8.0
7.0
11.0
9.0
5.0
5.0
13.0
4.0
10.0
11.0
13.0
11.0
8.0
7.0
14.0
5.0
9.0
6.0
4.0
6.0
6.0
7.0
10.0
13.0
4.0
7.0
11.0
13.0
8.0
10.0
12.0
5.0
8.0
12.0
7.0
9.0
8.0
9.0
11.0
14.0
9.0
7.0
13.0
8.0
6.0
9.0
14.0
10.0
11.0
12.0
4.0
6.0
11.0
4.0
10.0
9.0
11.0
8.0
9.0
13.0
6.0
9.0
4.0
13.0
4.0
9.0
8.0
14.0
6.0
7.0
13.0
13.0
4.0
9.0
13.0
VALOR
11.0
9.0
9.0
9.0
12.0
9.0
9.0
9.0
9.0
9.0
11.0
13.0
11.0
9.0
9.0
12.0
9.0
9.0
9.0
9.0
9.0
14.0
14.0
9.0
12.0
9.0
9.0
9.0
9.0
13.0
9.0
9.0
9.0
9.0
9.0
9.0
14.0
9.0
9.0
11.0
12.0
9.0
14.0
10.0
9.0
9.0
10.0
9.0
9.0
9.0
9.0
9.0
13.0
9.0
9.0
10.0
9.0
9.0
9.0
12.0
11.0
11.0
12.0
9.0
9.0
13.0
9.0
10.0
9.0
13.0
9.0
9.0
12.0
9.0
9.0
9.0
9.0
9.0
10.0
9.0
9.0
9.0
9.0
11.0
10.0
9.0
9.0
13.0
ESTRES
0.28
0.22
0.25
0.21
0.28
0.13
0.07
0.16
0.15
0.14
0.08
0.13
0.17
0.02
0.09
0.44
0.44
0.47
0.44
0.41
0.5
0.41
0.44
0.46
0.5
0.48
0.4
0.49
0.4
0.45
0.44
0.43
0.41
0.44
0.41
0.46
0.46
0.49
0.44
0.5
0.41
0.48
0.46
0.41
0.5
0.42
0.5
0.45
0.48
0.41
0.41
0.47
0.4
0.43
0.5
0.41
0.45
0.46
0.47
0.46
0.46
0.46
0.44
0.42
0.49
0.41
0.42
0.42
0.49
0.43
0.45
0.45
0.4
0.49
0.46
0.44
0.5
0.45
0.43
0.47
0.43
0.43
0.41
0.42
0.49
0.48
0.4
0.45
