Valor Objetivo:697.561172374
Runtime:3.08104419708
Gap:0.0
2_1_1_1_6_1.0
4_1_1_1_16_1.0
5_1_1_1_40_1.0
6_1_1_1_44_1.0
7_1_1_1_24_1.0
9_1_1_1_41_1.0
10_1_1_1_1_1.0
11_1_1_1_14_1.0
13_2_1_1_39_1.0
15_2_1_1_37_1.0
16_2_1_1_17_1.0
17_2_1_1_31_1.0
19_2_1_1_45_1.0
20_2_1_1_48_1.0
21_2_1_1_30_1.0
22_2_1_1_54_1.0
24_3_2_1_47_1.0
25_3_2_1_11_1.0
26_3_2_1_22_1.0
27_3_2_1_27_1.0
28_3_2_1_43_1.0
29_3_2_1_15_1.0
33_3_2_1_2_1.0
34_4_2_1_3_1.0
35_4_2_1_19_1.0
36_4_2_1_42_1.0
37_4_2_1_75_1.0
38_4_2_1_7_1.0
40_4_2_1_25_1.0
42_4_2_1_49_1.0
44_4_2_1_33_1.0
46_5_3_2_26_1.0
47_5_3_2_61_1.0
48_5_3_2_21_1.0
49_5_3_2_53_1.0
50_5_3_2_20_1.0
52_5_3_2_13_1.0
53_5_3_2_50_1.0
55_5_3_2_28_1.0
56_6_3_2_51_1.0
58_6_3_2_55_1.0
60_6_3_2_78_1.0
61_6_3_2_46_1.0
63_6_3_2_8_1.0
64_6_3_2_52_1.0
66_6_3_2_38_1.0
67_7_4_2_32_1.0
69_7_4_2_36_1.0
70_7_4_2_34_1.0
71_7_4_2_62_1.0
72_7_4_2_35_1.0
73_7_4_2_12_1.0
75_7_4_2_9_1.0
77_7_4_2_58_1.0
78_8_4_2_10_1.0
79_8_4_2_5_1.0
80_8_4_2_4_1.0
81_8_4_2_18_1.0
82_8_4_2_23_1.0
83_8_4_2_29_1.0
84_8_4_2_57_1.0
86_8_4_2_56_1.0
score_s_1_1_1_88.0
score_s_2_1_1_86.0
score_s_3_2_1_85.0
score_s_4_2_1_85.0
score_s_5_3_2_86.0
score_s_6_3_2_86.0
score_s_7_4_2_89.0
score_s_8_4_2_95.0
score_t_1_1_87.0
score_t_2_1_85.0
score_t_3_2_86.0
score_t_4_2_92.0
score_m_1_86.0
score_m_2_89.0
DURACION
15.0
6.0
4.0
10.0
11.0
12.0
5.0
11.0
13.0
12.0
14.0
10.0
12.0
13.0
13.0
12.0
10.0
10.0
3.0
10.0
7.0
6.0
3.0
11.0
8.0
9.0
9.0
3.0
15.0
9.0
13.0
8.0
14.0
10.0
14.0
5.0
4.0
14.0
10.0
15.0
15.0
3.0
12.0
7.0
10.0
4.0
5.0
4.0
6.0
9.0
12.0
11.0
6.0
9.0
3.0
15.0
13.0
9.0
13.0
7.0
10.0
7.0
12.0
15.0
9.0
8.0
13.0
12.0
14.0
9.0
13.0
12.0
12.0
13.0
11.0
13.0
8.0
5.0
11.0
14.0
12.0
8.0
15.0
12.0
13.0
13.0
13.0
8.0
VALOR
10.0
9.0
9.0
14.0
13.0
11.0
9.0
9.0
9.0
11.0
9.0
13.0
12.0
11.0
9.0
10.0
9.0
14.0
9.0
11.0
9.0
9.0
9.0
13.0
9.0
13.0
9.0
9.0
15.0
9.0
13.0
9.0
9.0
14.0
9.0
9.0
9.0
15.0
15.0
13.0
15.0
9.0
14.0
9.0
10.0
9.0
9.0
9.0
9.0
15.0
14.0
15.0
9.0
15.0
9.0
12.0
11.0
9.0
14.0
9.0
13.0
9.0
9.0
14.0
9.0
9.0
12.0
15.0
15.0
9.0
15.0
10.0
9.0
14.0
10.0
15.0
9.0
9.0
11.0
15.0
10.0
9.0
10.0
14.0
10.0
15.0
15.0
9.0
ESTRES
0.0530305984466
0.0259820071201
0.12793897098
0.0895543947543
0.0433819099646
0.109652913337
0.07818634708
0.0283931374907
0.0486426670215
0.185577471825
0.138961141762
0.101893788756
0.0240937403726
0.154124550761
0.0175553778508
0.121067569419
0.0481316661052
0.0905057334294
0.0777224938266
0.181983988686
0.109563924959
0.0621938112023
0.112353954118
0.0872212636875
0.00868831072139
0.0455927615079
0.11116825752
0.167424178814
0.131498616204
0.0242661082793
0.187684599843
0.0130978801249
0.161234793443
0.162037703856
0.05580220002
0.111355904926
0.0378288351296
0.0430087502925
0.108979492737
0.126823410372
0.0596481007751
0.180353826823
0.0966833390562
0.160732565603
0.0302710712459
0.0497512860432
0.190491430459
0.144767004106
0.118777962526
0.178399754962
0.0590826092237
0.101065003089
0.027783380143
0.185165543432
0.0140269475748
0.156016121464
0.192367683321
0.109261933891
0.48799783579
0.456625721506
0.423846005109
0.41127772546
0.485321307931
0.442390189479
0.490562060677
0.492642328216
0.460043002908
0.444282905326
0.480870823853
0.441362276952
0.461755092793
0.48836377255
0.491984809942
0.440203206495
0.409952936835
0.490094867928
0.417103140322
0.414221957288
0.461531452271
0.485543531181
0.423328292976
0.481274367379
0.496014565046
0.460301188621
0.427423538619
0.49495532815
0.400477396677
0.485586113909
