Valor Objetivo:881.982016906
Runtime:3.27013301849
Gap:0.0
2_1_1_1_66_1.0
3_1_1_1_30_1.0
4_1_1_1_42_1.0
5_1_1_1_19_1.0
6_1_1_1_40_1.0
7_1_1_1_14_1.0
8_1_1_1_44_1.0
10_1_1_1_9_1.0
11_1_1_1_52_1.0
12_2_1_1_31_1.0
13_2_1_1_72_1.0
14_2_1_1_17_1.0
16_2_1_1_32_1.0
18_2_1_1_58_1.0
19_2_1_1_43_1.0
20_2_1_1_73_1.0
22_2_1_1_16_1.0
23_3_2_1_21_1.0
24_3_2_1_26_1.0
25_3_2_1_57_1.0
26_3_2_1_54_1.0
27_3_2_1_41_1.0
28_3_2_1_55_1.0
29_3_2_1_46_1.0
30_3_2_1_18_1.0
32_3_2_1_48_1.0
33_3_2_1_71_1.0
35_4_2_1_33_1.0
36_4_2_1_65_1.0
37_4_2_1_22_1.0
38_4_2_1_7_1.0
40_4_2_1_3_1.0
41_4_2_1_28_1.0
42_4_2_1_10_1.0
43_4_2_1_5_1.0
44_4_2_1_1_1.0
45_5_3_2_81_1.0
47_5_3_2_2_1.0
48_5_3_2_50_1.0
49_5_3_2_67_1.0
50_5_3_2_8_1.0
51_5_3_2_20_1.0
52_5_3_2_29_1.0
53_5_3_2_60_1.0
54_5_3_2_61_1.0
55_5_3_2_27_1.0
56_6_3_2_80_1.0
58_6_3_2_53_1.0
59_6_3_2_23_1.0
60_6_3_2_75_1.0
61_6_3_2_64_1.0
62_6_3_2_49_1.0
63_6_3_2_25_1.0
64_6_3_2_36_1.0
65_6_3_2_51_1.0
66_6_3_2_4_1.0
67_7_4_2_6_1.0
68_7_4_2_56_1.0
69_7_4_2_79_1.0
70_7_4_2_35_1.0
71_7_4_2_59_1.0
72_7_4_2_37_1.0
73_7_4_2_24_1.0
74_7_4_2_12_1.0
75_7_4_2_62_1.0
77_7_4_2_39_1.0
78_8_4_2_11_1.0
80_8_4_2_34_1.0
81_8_4_2_63_1.0
82_8_4_2_15_1.0
84_8_4_2_47_1.0
85_8_4_2_38_1.0
86_8_4_2_45_1.0
87_8_4_2_13_1.0
88_8_4_2_83_1.0
score_s_1_1_1_95.0
score_s_2_1_1_95.0
score_s_3_2_1_100.0
score_s_4_2_1_106.0
score_s_5_3_2_97.0
score_s_6_3_2_107.0
score_s_7_4_2_97.0
score_s_8_4_2_95.0
score_t_1_1_95.0
score_t_2_1_103.0
score_t_3_2_102.0
score_t_4_2_96.0
score_m_1_99.0
score_m_2_99.0
DURACION
14.0
15.0
10.0
4.0
6.0
11.0
8.0
7.0
11.0
12.0
9.0
15.0
15.0
9.0
4.0
9.0
15.0
12.0
14.0
4.0
11.0
9.0
3.0
13.0
6.0
6.0
13.0
12.0
13.0
6.0
12.0
13.0
10.0
5.0
8.0
10.0
5.0
3.0
8.0
14.0
7.0
9.0
9.0
13.0
10.0
10.0
4.0
5.0
9.0
5.0
5.0
11.0
6.0
9.0
3.0
12.0
12.0
5.0
9.0
6.0
11.0
9.0
6.0
12.0
9.0
4.0
13.0
8.0
9.0
11.0
4.0
14.0
15.0
5.0
8.0
9.0
3.0
11.0
11.0
13.0
6.0
9.0
5.0
14.0
13.0
9.0
11.0
8.0
VALOR
15.0
11.0
13.0
9.0
9.0
10.0
9.0
9.0
11.0
15.0
9.0
10.0
11.0
15.0
9.0
12.0
12.0
11.0
10.0
9.0
9.0
9.0
9.0
14.0
9.0
9.0
13.0
12.0
12.0
9.0
15.0
9.0
14.0
9.0
9.0
10.0
9.0
9.0
9.0
12.0
9.0
9.0
9.0
10.0
10.0
11.0
9.0
9.0
9.0
9.0
9.0
13.0
9.0
13.0
9.0
14.0
14.0
9.0
13.0
9.0
9.0
9.0
9.0
15.0
9.0
9.0
9.0
9.0
9.0
13.0
9.0
14.0
9.0
9.0
9.0
9.0
9.0
15.0
10.0
13.0
9.0
15.0
9.0
12.0
9.0
13.0
15.0
9.0
ESTRES
0.178635612131
0.117830341041
0.116511899042
0.00492730033645
0.00240798857684
0.0240132186143
0.0943692525621
0.159044668546
0.06885617777
0.039138561512
0.000648291175857
0.0354027854016
0.157323694763
0.13272030363
0.152663241246
0.120034307326
0.135134529256
0.0852154733605
0.163752681152
0.0081225214199
0.132474297162
0.0297176371345
0.197808065712
0.0451937575282
0.0931278045043
0.0870948509538
0.141061752835
0.19040358513
0.0671277037766
0.169930634297
0.0260890052822
0.0318237087418
0.0206987190063
0.0927854698346
0.185480538338
0.175697615168
0.0461859748319
0.1838469554
0.095509286384
0.1143592512
0.11943853061
0.0527174350991
0.0340870490659
0.016845366626
0.0476245442531
0.0901083148873
0.104000932372
0.16420905102
0.0074399486744
0.19260433562
0.0930434577928
0.181341881582
0.123010462754
0.152532776728
0.150357250721
0.117371608568
0.110971163438
0.160178287473
0.474385112958
0.409094435385
0.443029940084
0.463374118002
0.428558087042
0.438214157502
0.419396100874
0.433092672675
0.432837104831
0.487322511339
0.497664778051
0.487173341181
0.46225143983
0.466671080867
0.428805856549
0.483339005671
0.437212985946
0.478149883776
0.472909130798
0.457097495498
0.427521417318
0.405999028779
0.400493257924
0.470090218989
0.408249299801
0.499132474595
0.470248858493
0.450427845242
0.477548263867
0.476916587053
