Valor Objetivo:504.772655703
Runtime:3.21633195877
Gap:0.0
1_1_1_1_48_1.0
5_1_1_1_21_1.0
6_1_1_1_12_1.0
8_1_1_1_63_1.0
9_1_1_1_47_1.0
10_1_1_1_35_1.0
11_1_1_1_26_1.0
12_2_1_1_42_1.0
13_2_1_1_25_1.0
14_2_1_1_39_1.0
15_2_1_1_23_1.0
17_2_1_1_41_1.0
20_2_1_1_17_1.0
21_2_1_1_38_1.0
23_3_2_1_27_1.0
24_3_2_1_22_1.0
25_3_2_1_24_1.0
26_3_2_1_51_1.0
28_3_2_1_2_1.0
29_3_2_1_49_1.0
30_3_2_1_1_1.0
32_3_2_1_43_1.0
33_3_2_1_32_1.0
34_4_2_1_29_1.0
35_4_2_1_20_1.0
36_4_2_1_50_1.0
37_4_2_1_40_1.0
39_4_2_1_34_1.0
41_4_2_1_46_1.0
42_4_2_1_62_1.0
43_4_2_1_33_1.0
45_5_3_2_14_1.0
46_5_3_2_31_1.0
48_5_3_2_45_1.0
50_5_3_2_57_1.0
51_5_3_2_64_1.0
53_5_3_2_19_1.0
54_5_3_2_37_1.0
55_5_3_2_15_1.0
57_6_3_2_18_1.0
58_6_3_2_16_1.0
59_6_3_2_9_1.0
61_6_3_2_30_1.0
62_6_3_2_67_1.0
63_6_3_2_44_1.0
65_6_3_2_3_1.0
66_6_3_2_58_1.0
67_7_4_2_13_1.0
68_7_4_2_6_1.0
69_7_4_2_36_1.0
70_7_4_2_10_1.0
74_7_4_2_4_1.0
75_7_4_2_28_1.0
76_7_4_2_5_1.0
77_7_4_2_53_1.0
78_8_4_2_61_1.0
81_8_4_2_56_1.0
82_8_4_2_55_1.0
83_8_4_2_52_1.0
84_8_4_2_11_1.0
85_8_4_2_54_1.0
86_8_4_2_8_1.0
88_8_4_2_7_1.0
score_s_1_1_1_75.0
score_s_2_1_1_79.0
score_s_3_2_1_90.0
score_s_4_2_1_76.0
score_s_5_3_2_78.0
score_s_6_3_2_84.0
score_s_7_4_2_80.0
score_s_8_4_2_78.0
score_t_1_1_77.0
score_t_2_1_83.0
score_t_3_2_81.0
score_t_4_2_79.0
score_m_1_80.0
score_m_2_80.0
DURACION
3.0
14.0
7.0
10.0
13.0
7.0
11.0
7.0
12.0
9.0
15.0
9.0
4.0
10.0
11.0
5.0
6.0
8.0
15.0
6.0
8.0
9.0
11.0
13.0
10.0
5.0
3.0
9.0
11.0
14.0
12.0
3.0
7.0
7.0
7.0
8.0
6.0
7.0
7.0
15.0
3.0
8.0
7.0
3.0
14.0
9.0
11.0
10.0
4.0
11.0
8.0
15.0
9.0
4.0
14.0
3.0
7.0
7.0
10.0
12.0
14.0
12.0
15.0
3.0
10.0
4.0
4.0
12.0
13.0
14.0
4.0
9.0
8.0
3.0
12.0
14.0
6.0
13.0
13.0
5.0
4.0
11.0
8.0
9.0
3.0
3.0
11.0
15.0
VALOR
9.0
13.0
9.0
9.0
11.0
9.0
14.0
9.0
11.0
9.0
11.0
9.0
9.0
13.0
12.0
9.0
9.0
9.0
14.0
9.0
9.0
14.0
9.0
14.0
12.0
9.0
9.0
13.0
15.0
11.0
9.0
9.0
9.0
9.0
9.0
9.0
9.0
9.0
9.0
10.0
9.0
9.0
9.0
9.0
15.0
9.0
15.0
10.0
9.0
12.0
9.0
10.0
11.0
9.0
11.0
9.0
9.0
9.0
11.0
13.0
9.0
11.0
11.0
9.0
14.0
9.0
9.0
15.0
11.0
11.0
9.0
9.0
9.0
9.0
12.0
10.0
9.0
12.0
9.0
9.0
9.0
14.0
9.0
9.0
9.0
9.0
12.0
12.0
ESTRES
0.0605659310141
0.116708447712
0.0982550785768
0.0623573391984
0.171544298943
0.189140145256
0.0580357095662
0.00910247036716
0.197982807656
0.0908438381762
0.104765306974
0.0438021358065
0.0924703111454
0.115356833947
0.0896617333157
0.0313786506296
0.0349650874399
0.182005411578
0.0555465730678
0.0865571526397
0.0279774536763
0.153181714929
0.0146675108358
0.157673522487
0.165618863083
0.168204317423
0.119400714519
0.196812883054
0.174737390913
0.154463293877
0.167736812989
0.134763633662
0.198470373595
0.135635158216
0.154706866094
0.163125064681
0.190614161125
0.14272582379
0.0428156340284
0.066191594337
0.0975685846021
0.143132572117
0.00744565468733
0.0635332942921
0.0987825581371
0.18681153214
0.0598197201035
0.14537251975
0.187106033478
0.142334589259
0.0149882055255
0.185858782296
0.149982241714
0.150636245871
0.17059728981
0.115087630533
0.0845145575133
0.063311581348
0.466227162048
0.459258124145
0.410879144926
0.404812092321
0.429139368995
0.424215227345
0.476201965238
0.453771720077
0.41364326198
0.446918530188
0.434880165711
0.464446805862
0.448525810693
0.454731668673
0.491033183276
0.46136333
0.481760108046
0.457970254548
0.421547455874
0.416768889889
0.467605816886
0.499103054306
0.492904523706
0.460581867838
0.427698940956
0.411386933893
0.49688527795
0.407798962077
0.422586673199
0.445479161748
