Valor Objetivo:617.270719431
Runtime:6.39604902267
Gap:0.0
2_1_1_1_62_1.0
3_1_1_1_86_1.0
4_1_1_1_43_1.0
5_1_1_1_15_1.0
6_1_1_1_67_1.0
7_1_1_1_49_1.0
8_1_1_1_2_1.0
9_1_1_1_36_1.0
10_1_1_1_82_1.0
11_1_1_1_66_1.0
12_2_1_1_55_1.0
13_2_1_1_68_1.0
14_2_1_1_73_1.0
15_2_1_1_40_1.0
16_2_1_1_48_1.0
17_2_1_1_5_1.0
19_2_1_1_60_1.0
20_2_1_1_30_1.0
21_2_1_1_44_1.0
22_2_1_1_58_1.0
24_3_2_1_64_1.0
25_3_2_1_57_1.0
26_3_2_1_80_1.0
27_3_2_1_76_1.0
28_3_2_1_7_1.0
30_3_2_1_31_1.0
31_3_2_1_3_1.0
32_3_2_1_1_1.0
33_3_2_1_52_1.0
34_4_2_1_4_1.0
35_4_2_1_25_1.0
36_4_2_1_83_1.0
37_4_2_1_9_1.0
39_4_2_1_74_1.0
40_4_2_1_84_1.0
41_4_2_1_34_1.0
42_4_2_1_41_1.0
43_4_2_1_33_1.0
44_4_2_1_69_1.0
45_5_3_2_6_1.0
46_5_3_2_85_1.0
47_5_3_2_45_1.0
48_5_3_2_87_1.0
49_5_3_2_77_1.0
51_5_3_2_63_1.0
53_5_3_2_39_1.0
54_5_3_2_42_1.0
55_5_3_2_79_1.0
56_6_3_2_70_1.0
57_6_3_2_71_1.0
58_6_3_2_61_1.0
59_6_3_2_81_1.0
61_6_3_2_46_1.0
63_6_3_2_78_1.0
64_6_3_2_19_1.0
65_6_3_2_28_1.0
66_6_3_2_32_1.0
67_7_4_2_75_1.0
68_7_4_2_51_1.0
69_7_4_2_56_1.0
70_7_4_2_24_1.0
71_7_4_2_54_1.0
72_7_4_2_10_1.0
73_7_4_2_8_1.0
74_7_4_2_38_1.0
75_7_4_2_72_1.0
77_7_4_2_50_1.0
79_8_4_2_37_1.0
80_8_4_2_22_1.0
82_8_4_2_65_1.0
83_8_4_2_35_1.0
84_8_4_2_47_1.0
85_8_4_2_53_1.0
86_8_4_2_88_1.0
87_8_4_2_59_1.0
88_8_4_2_12_1.0
score_s_1_1_1_107.0
score_s_2_1_1_107.0
score_s_3_2_1_99.0
score_s_4_2_1_107.0
score_s_5_3_2_96.0
score_s_6_3_2_98.0
score_s_7_4_2_95.0
score_s_8_4_2_95.0
score_t_1_1_107.0
score_t_2_1_103.0
score_t_3_2_97.0
score_t_4_2_95.0
score_m_1_105.0
score_m_2_96.0
DURACION
9.0
13.0
10.0
15.0
14.0
6.0
9.0
10.0
13.0
14.0
13.0
9.0
8.0
3.0
4.0
9.0
14.0
4.0
12.0
13.0
15.0
14.0
15.0
7.0
5.0
9.0
15.0
5.0
9.0
6.0
15.0
9.0
9.0
14.0
11.0
5.0
11.0
6.0
10.0
5.0
10.0
6.0
15.0
9.0
14.0
11.0
14.0
13.0
8.0
10.0
9.0
7.0
4.0
13.0
13.0
6.0
9.0
14.0
11.0
3.0
5.0
5.0
10.0
13.0
9.0
10.0
5.0
9.0
7.0
12.0
14.0
9.0
15.0
13.0
7.0
4.0
14.0
13.0
4.0
9.0
9.0
13.0
5.0
13.0
6.0
15.0
15.0
14.0
VALOR
9.0
14.0
14.0
9.0
13.0
9.0
13.0
9.0
13.0
11.0
15.0
9.0
9.0
9.0
9.0
12.0
12.0
9.0
13.0
13.0
10.0
13.0
10.0
9.0
9.0
13.0
14.0
9.0
9.0
9.0
12.0
10.0
9.0
14.0
11.0
9.0
11.0
9.0
14.0
9.0
10.0
9.0
11.0
12.0
11.0
12.0
11.0
11.0
9.0
13.0
9.0
9.0
9.0
14.0
9.0
9.0
9.0
9.0
13.0
9.0
9.0
9.0
9.0
10.0
9.0
9.0
9.0
11.0
9.0
14.0
10.0
15.0
10.0
14.0
9.0
9.0
13.0
11.0
9.0
11.0
9.0
15.0
9.0
11.0
9.0
12.0
10.0
9.0
ESTRES
0.486165779652
0.422119057736
0.467294988576
0.479329850987
0.471361744455
0.462815590899
0.41822273011
0.473899832879
0.441873660843
0.434568754788
0.478491843164
0.45460947875
0.475234211983
0.498529543516
0.420757838562
0.467263179773
0.450337285852
0.443856361787
0.434684425795
0.448361842165
0.444676604018
0.413251843347
0.465309306485
0.408883914459
0.41243915283
0.498613877152
0.499184520859
0.408637797343
0.41805493541
0.00527236830702
0.0104787343693
0.0801608500944
0.0952340589727
0.0696797525718
0.130160066845
0.137720801196
0.146534670042
0.116722371712
0.0422928818057
0.152600572707
0.136827198861
0.0297720746234
0.060457491139
0.189379789625
0.0633882698378
0.0487185131987
0.176814437674
0.0121578335775
0.0242317728954
0.1481344929
0.0741956313696
0.16062051624
0.137584845701
0.0427486210521
0.132089019756
0.0891598818384
0.0951955574852
0.0810367701851
0.0399938929311
0.152005334568
0.12754410398
0.110185874529
0.166794933844
0.0947629097789
0.0613968387644
0.134400159794
0.1062357192
0.0345919795273
0.0708543791579
0.0912742994092
0.123794021571
0.00458216103878
0.0620198497379
0.135866361738
0.0433654001531
0.0253100315474
0.00469488319185
0.0840027965375
0.0224370218264
0.0309245817388
0.103162568327
0.104101788697
0.0879033451193
0.136145232072
0.157103472044
0.159209009517
0.0139931059244
0.0668450399172
