Valor Objetivo:568.0
Runtime:900.5961406230927
Gap:0.01232394366197183
1_1_1_1_63_1.0
3_1_1_1_84_1.0
5_1_1_1_80_1.0
6_1_1_1_67_1.0
7_1_1_1_9_1.0
9_1_1_1_2_1.0
10_1_1_1_26_1.0
11_1_1_1_73_1.0
score_s_1_1_1_77.0
12_2_1_1_11_1.0
13_2_1_1_1_1.0
15_2_1_1_87_1.0
17_2_1_1_77_1.0
18_2_1_1_4_1.0
19_2_1_1_7_1.0
20_2_1_1_24_1.0
score_s_2_1_1_71.0
24_3_2_1_10_1.0
25_3_2_1_25_1.0
27_3_2_1_18_1.0
28_3_2_1_62_1.0
29_3_2_1_69_1.0
32_3_2_1_22_1.0
33_3_2_1_82_1.0
score_s_3_2_1_67.0
34_4_2_1_33_1.0
36_4_2_1_61_1.0
38_4_2_1_12_1.0
39_4_2_1_29_1.0
40_4_2_1_70_1.0
41_4_2_1_17_1.0
42_4_2_1_76_1.0
43_4_2_1_14_1.0
score_s_4_2_1_78.0
46_5_3_2_79_1.0
47_5_3_2_23_1.0
49_5_3_2_27_1.0
50_5_3_2_15_1.0
51_5_3_2_88_1.0
53_5_3_2_85_1.0
54_5_3_2_75_1.0
score_s_5_3_2_68.0
57_6_3_2_8_1.0
58_6_3_2_28_1.0
59_6_3_2_13_1.0
60_6_3_2_32_1.0
61_6_3_2_74_1.0
65_6_3_2_36_1.0
66_6_3_2_20_1.0
score_s_6_3_2_70.0
67_7_4_2_6_1.0
69_7_4_2_83_1.0
70_7_4_2_5_1.0
73_7_4_2_81_1.0
75_7_4_2_3_1.0
76_7_4_2_21_1.0
77_7_4_2_64_1.0
score_s_7_4_2_69.0
78_8_4_2_72_1.0
79_8_4_2_78_1.0
80_8_4_2_19_1.0
81_8_4_2_16_1.0
83_8_4_2_30_1.0
84_8_4_2_68_1.0
88_8_4_2_65_1.0
score_s_8_4_2_68.0
DURACION
7.0
4.0
9.0
15.0
3.0
13.0
12.0
3.0
9.0
15.0
11.0
5.0
3.0
6.0
4.0
15.0
9.0
6.0
3.0
13.0
8.0
9.0
12.0
9.0
7.0
4.0
8.0
5.0
9.0
4.0
15.0
10.0
12.0
12.0
5.0
13.0
4.0
15.0
11.0
5.0
9.0
8.0
3.0
9.0
11.0
12.0
7.0
6.0
11.0
8.0
8.0
14.0
7.0
7.0
9.0
6.0
6.0
12.0
10.0
9.0
4.0
3.0
9.0
13.0
11.0
5.0
9.0
12.0
4.0
11.0
14.0
15.0
3.0
6.0
15.0
3.0
3.0
14.0
13.0
5.0
7.0
7.0
6.0
5.0
7.0
6.0
10.0
10.0
VALOR
9.0
9.0
9.0
9.0
9.0
11.0
13.0
9.0
9.0
12.0
9.0
9.0
9.0
9.0
9.0
9.0
12.0
9.0
9.0
11.0
9.0
15.0
11.0
9.0
9.0
9.0
9.0
9.0
9.0
9.0
9.0
11.0
10.0
13.0
9.0
9.0
9.0
10.0
10.0
9.0
10.0
9.0
9.0
9.0
10.0
14.0
9.0
9.0
9.0
9.0
9.0
10.0
9.0
9.0
9.0
9.0
9.0
10.0
10.0
9.0
9.0
9.0
9.0
10.0
13.0
9.0
10.0
13.0
9.0
9.0
9.0
12.0
9.0
9.0
12.0
9.0
9.0
9.0
13.0
9.0
9.0
9.0
9.0
9.0
9.0
9.0
13.0
14.0
ESTRES
0.0759987
0.037491391
0.139437354
0.171452648
0.198371508
0.194886274
0.246815596
0.209854433
0.292826985
0.328708256
0.026785212
0.239663
0.227233081
0.262155933
0.049630676
0.016546632
0.248282814
0.242754077
0.020931005
0.037293561
0.022494391
0.230114123
0.174265357
0.241130177
0.300689099
0.172893169
0.074627908
0.132790449
0.099647114
0.362067525
0.48107772
0.378354003
0.38294984
0.459555994
0.398625583
0.369163769
0.413312409
0.405353317
0.48408733
0.42213655
0.38478074
0.413172861
0.482915295
0.467883134
0.493084265
0.496804613
0.463034121
0.449401671
0.395893374
0.437767906
0.350485686
0.43965112
0.44645397
0.494548314
0.408670274
0.488659702
0.435553322
0.443165227
0.352856276
0.314061788
0.184323649
0.037688687
0.119621148
0.217121948
0.251583992
0.335542042
0.082902048
0.016574139
0.21606267
0.26600547
0.298799956
0.072048419
0.101079956
0.020674017
0.146088788
0.160188859
0.198767482
0.010353592
0.236840053
0.167184611
0.023983864
0.02789397
0.103027308
0.141894565
0.106319576
0.304313302
0.073622981
0.242726403
