Valor Objetivo:613.0
Runtime:901.2743427753448
Gap:0.011419249592169658
1_1_1_1_71_1.0
2_1_1_1_46_1.0
3_1_1_1_23_1.0
5_1_1_1_13_1.0
6_1_1_1_79_1.0
7_1_1_1_29_1.0
9_1_1_1_2_1.0
10_1_1_1_52_1.0
11_1_1_1_17_1.0
score_s_1_1_1_86.0
12_2_1_1_3_1.0
14_2_1_1_37_1.0
15_2_1_1_39_1.0
17_2_1_1_30_1.0
18_2_1_1_4_1.0
19_2_1_1_19_1.0
20_2_1_1_47_1.0
22_2_1_1_16_1.0
score_s_2_1_1_78.0
24_3_2_1_51_1.0
25_3_2_1_53_1.0
27_3_2_1_48_1.0
28_3_2_1_61_1.0
29_3_2_1_59_1.0
31_3_2_1_66_1.0
32_3_2_1_24_1.0
33_3_2_1_14_1.0
score_s_3_2_1_76.0
34_4_2_1_68_1.0
36_4_2_1_42_1.0
37_4_2_1_1_1.0
38_4_2_1_20_1.0
39_4_2_1_15_1.0
40_4_2_1_31_1.0
41_4_2_1_49_1.0
42_4_2_1_78_1.0
43_4_2_1_12_1.0
score_s_4_2_1_89.0
46_5_3_2_63_1.0
47_5_3_2_60_1.0
48_5_3_2_50_1.0
49_5_3_2_72_1.0
50_5_3_2_10_1.0
51_5_3_2_43_1.0
53_5_3_2_22_1.0
54_5_3_2_83_1.0
score_s_5_3_2_77.0
57_6_3_2_54_1.0
58_6_3_2_32_1.0
59_6_3_2_62_1.0
60_6_3_2_9_1.0
63_6_3_2_34_1.0
65_6_3_2_44_1.0
66_6_3_2_6_1.0
score_s_6_3_2_70.0
67_7_4_2_28_1.0
69_7_4_2_27_1.0
70_7_4_2_8_1.0
73_7_4_2_87_1.0
75_7_4_2_5_1.0
76_7_4_2_81_1.0
77_7_4_2_86_1.0
score_s_7_4_2_69.0
78_8_4_2_7_1.0
79_8_4_2_11_1.0
80_8_4_2_41_1.0
81_8_4_2_67_1.0
83_8_4_2_35_1.0
84_8_4_2_55_1.0
88_8_4_2_77_1.0
score_s_8_4_2_68.0
DURACION
7.0
4.0
9.0
15.0
3.0
13.0
12.0
3.0
9.0
15.0
11.0
5.0
3.0
6.0
4.0
15.0
9.0
6.0
3.0
13.0
8.0
9.0
12.0
9.0
7.0
4.0
8.0
5.0
9.0
4.0
15.0
10.0
12.0
12.0
5.0
13.0
4.0
15.0
11.0
5.0
9.0
8.0
3.0
9.0
11.0
12.0
7.0
6.0
11.0
8.0
8.0
14.0
7.0
7.0
9.0
6.0
6.0
12.0
10.0
9.0
4.0
3.0
9.0
13.0
11.0
5.0
9.0
12.0
4.0
11.0
14.0
15.0
3.0
6.0
15.0
3.0
3.0
14.0
13.0
5.0
7.0
7.0
6.0
5.0
7.0
6.0
10.0
10.0
VALOR
9.0
9.0
9.0
9.0
9.0
11.0
13.0
9.0
9.0
12.0
9.0
9.0
9.0
9.0
9.0
9.0
12.0
9.0
9.0
11.0
9.0
15.0
11.0
9.0
9.0
9.0
9.0
9.0
9.0
9.0
9.0
11.0
10.0
13.0
9.0
9.0
9.0
10.0
10.0
9.0
10.0
9.0
9.0
9.0
10.0
14.0
9.0
9.0
9.0
9.0
9.0
10.0
9.0
9.0
9.0
9.0
9.0
10.0
10.0
9.0
9.0
9.0
9.0
10.0
13.0
9.0
10.0
13.0
9.0
9.0
9.0
12.0
9.0
9.0
12.0
9.0
9.0
9.0
13.0
9.0
9.0
9.0
9.0
9.0
9.0
9.0
13.0
14.0
ESTRES
0.4480174
0.473940536
0.353750897
0.384947302
0.499107888
0.482191867
0.492212434
0.44071723
0.413364706
0.403734993
0.475345611
0.417851559
0.450508951
0.449607033
0.354831607
0.366103177
0.397497414
0.488039905
0.383143956
0.358662488
0.490971698
0.384605563
0.427612024
0.368631753
0.490722965
0.46608074
0.494338763
0.403728225
0.408450434
0.388332667
0.401328123
0.408959683
0.457980495
0.381122713
0.441087603
0.446653702
0.353019965
0.440181759
0.364069109
0.488659388
0.395895581
0.372883163
0.409465981
0.386423874
0.464001755
0.352335074
0.381337263
0.402341223
0.367374162
0.365192052
0.41430257
0.372206789
0.420728684
0.380292507
0.391098307
0.490284461
0.444605783
0.478317296
0.414854453
0.395046582
0.374517609
0.358487767
0.416186975
0.459655939
0.450309716
0.381258661
0.420493647
0.396772345
0.448548711
0.492857595
0.367365907
0.351038274
0.451637087
0.476207253
0.414312041
0.489989358
0.418754244
0.37611243
0.369699225
0.480441183
0.391373501
0.474299659
0.392390499
0.430417844
0.480316222
0.446664011
0.3826308
0.46187955
