Valor Objetivo:607.0
Runtime:901.3807218074799
Gap:0.013179571663920923
1_1_1_1_36_1.0
2_1_1_1_30_1.0
3_1_1_1_58_1.0
5_1_1_1_11_1.0
6_1_1_1_25_1.0
7_1_1_1_29_1.0
9_1_1_1_2_1.0
10_1_1_1_12_1.0
11_1_1_1_51_1.0
score_s_1_1_1_86.0
12_2_1_1_23_1.0
13_2_1_1_3_1.0
14_2_1_1_41_1.0
15_2_1_1_57_1.0
17_2_1_1_66_1.0
18_2_1_1_24_1.0
20_2_1_1_38_1.0
score_s_2_1_1_71.0
24_3_2_1_22_1.0
25_3_2_1_63_1.0
27_3_2_1_50_1.0
28_3_2_1_19_1.0
29_3_2_1_31_1.0
31_3_2_1_40_1.0
32_3_2_1_21_1.0
33_3_2_1_13_1.0
score_s_3_2_1_76.0
34_4_2_1_52_1.0
36_4_2_1_34_1.0
37_4_2_1_1_1.0
38_4_2_1_9_1.0
39_4_2_1_6_1.0
40_4_2_1_16_1.0
41_4_2_1_32_1.0
42_4_2_1_85_1.0
43_4_2_1_7_1.0
score_s_4_2_1_89.0
46_5_3_2_78_1.0
47_5_3_2_39_1.0
48_5_3_2_10_1.0
49_5_3_2_15_1.0
50_5_3_2_4_1.0
51_5_3_2_44_1.0
53_5_3_2_54_1.0
54_5_3_2_28_1.0
score_s_5_3_2_77.0
57_6_3_2_18_1.0
58_6_3_2_42_1.0
60_6_3_2_37_1.0
61_6_3_2_64_1.0
62_6_3_2_43_1.0
65_6_3_2_33_1.0
66_6_3_2_14_1.0
score_s_6_3_2_71.0
67_7_4_2_17_1.0
69_7_4_2_59_1.0
70_7_4_2_5_1.0
73_7_4_2_88_1.0
75_7_4_2_20_1.0
76_7_4_2_47_1.0
77_7_4_2_61_1.0
score_s_7_4_2_69.0
78_8_4_2_45_1.0
79_8_4_2_8_1.0
81_8_4_2_27_1.0
82_8_4_2_60_1.0
83_8_4_2_26_1.0
84_8_4_2_49_1.0
88_8_4_2_82_1.0
score_s_8_4_2_68.0
DURACION
7.0
4.0
9.0
15.0
3.0
13.0
12.0
3.0
9.0
15.0
11.0
5.0
3.0
6.0
4.0
15.0
9.0
6.0
3.0
13.0
8.0
9.0
12.0
9.0
7.0
4.0
8.0
5.0
9.0
4.0
15.0
10.0
12.0
12.0
5.0
13.0
4.0
15.0
11.0
5.0
9.0
8.0
3.0
9.0
11.0
12.0
7.0
6.0
11.0
8.0
8.0
14.0
7.0
7.0
9.0
6.0
6.0
12.0
10.0
9.0
4.0
3.0
9.0
13.0
11.0
5.0
9.0
12.0
4.0
11.0
14.0
15.0
3.0
6.0
15.0
3.0
3.0
14.0
13.0
5.0
7.0
7.0
6.0
5.0
7.0
6.0
10.0
10.0
VALOR
9.0
9.0
9.0
9.0
9.0
11.0
13.0
9.0
9.0
12.0
9.0
9.0
9.0
9.0
9.0
9.0
12.0
9.0
9.0
11.0
9.0
15.0
11.0
9.0
9.0
9.0
9.0
9.0
9.0
9.0
9.0
11.0
10.0
13.0
9.0
9.0
9.0
10.0
10.0
9.0
10.0
9.0
9.0
9.0
10.0
14.0
9.0
9.0
9.0
9.0
9.0
10.0
9.0
9.0
9.0
9.0
9.0
10.0
10.0
9.0
9.0
9.0
9.0
10.0
13.0
9.0
10.0
13.0
9.0
9.0
9.0
12.0
9.0
9.0
12.0
9.0
9.0
9.0
13.0
9.0
9.0
9.0
9.0
9.0
9.0
9.0
13.0
14.0
ESTRES
0.042991441
0.028034078
0.089934313
0.015275267
0.104823483
0.008244472
0.08509223
0.148110906
0.029833621
0.081001139
0.136553396
0.079425936
0.062744439
0.070533452
0.055888139
0.13297589
0.146488282
0.068753746
0.03177223
0.023814164
0.015975809
0.132638652
0.005951386
0.024949247
0.042873168
0.13347955
0.021543261
0.107911174
0.076478833
0.027633439
0.06572519
0.0448602
0.116804913
0.083684926
0.144684767
0.038521154
0.1061967
0.09513445
0.046201067
0.067163753
0.040650055
0.05936485
0.014854593
0.087877735
0.074155984
0.14874298
0.008710899
0.148957018
0.098924074
0.064865826
0.012200789
0.042005493
0.063633154
0.063248804
0.139834469
0.148399898
0.064101652
0.053226109
0.080487039
0.013905242
0.078070998
0.081309173
0.074539358
0.073110171
0.127870215
0.067238907
0.140901955
0.092293593
0.095525282
0.122874265
0.116148131
0.086965651
0.121384606
0.112048619
0.100297057
0.078196097
0.111075368
0.06222982
0.116438554
0.131094824
0.11827164
0.064216417
0.127556068
0.028445778
0.073101719
0.145629273
0.146754306
0.072103885
