Valor Objetivo:516.0
Runtime:900.9022336006165
Gap:0.001937984496124031
1_1_1_1_36_1.0
5_1_1_1_16_1.0
7_1_1_1_68_1.0
8_1_1_1_53_1.0
9_1_1_1_11_1.0
10_1_1_1_3_1.0
score_s_1_1_1_71.0
12_2_1_1_54_1.0
13_2_1_1_27_1.0
16_2_1_1_25_1.0
17_2_1_1_35_1.0
18_2_1_1_59_1.0
20_2_1_1_4_1.0
score_s_2_1_1_60.0
23_3_2_1_9_1.0
24_3_2_1_82_1.0
26_3_2_1_14_1.0
27_3_2_1_10_1.0
28_3_2_1_12_1.0
30_3_2_1_32_1.0
score_s_3_2_1_62.0
34_4_2_1_65_1.0
36_4_2_1_17_1.0
37_4_2_1_1_1.0
38_4_2_1_55_1.0
39_4_2_1_18_1.0
40_4_2_1_66_1.0
41_4_2_1_5_1.0
score_s_4_2_1_73.0
45_5_3_2_52_1.0
49_5_3_2_85_1.0
50_5_3_2_57_1.0
51_5_3_2_30_1.0
54_5_3_2_2_1.0
55_5_3_2_48_1.0
score_s_5_3_2_64.0
57_6_3_2_21_1.0
61_6_3_2_40_1.0
62_6_3_2_60_1.0
64_6_3_2_6_1.0
65_6_3_2_42_1.0
66_6_3_2_24_1.0
score_s_6_3_2_60.0
68_7_4_2_19_1.0
69_7_4_2_7_1.0
70_7_4_2_50_1.0
71_7_4_2_37_1.0
74_7_4_2_56_1.0
76_7_4_2_8_1.0
score_s_7_4_2_65.0
78_8_4_2_83_1.0
80_8_4_2_13_1.0
81_8_4_2_28_1.0
82_8_4_2_22_1.0
85_8_4_2_15_1.0
86_8_4_2_20_1.0
score_s_8_4_2_61.0
DURACION
4.0
13.0
10.0
11.0
7.0
4.0
4.0
14.0
7.0
15.0
9.0
11.0
5.0
13.0
9.0
4.0
5.0
9.0
13.0
12.0
11.0
5.0
8.0
10.0
15.0
4.0
6.0
3.0
5.0
7.0
9.0
6.0
9.0
5.0
11.0
9.0
3.0
4.0
9.0
14.0
6.0
9.0
7.0
6.0
4.0
7.0
9.0
14.0
9.0
8.0
15.0
12.0
15.0
9.0
3.0
6.0
15.0
3.0
7.0
9.0
15.0
12.0
11.0
7.0
14.0
8.0
14.0
12.0
11.0
11.0
9.0
11.0
5.0
9.0
9.0
5.0
15.0
15.0
7.0
5.0
9.0
8.0
12.0
11.0
12.0
15.0
6.0
10.0
VALOR
9.0
15.0
13.0
15.0
9.0
9.0
9.0
14.0
9.0
10.0
9.0
13.0
9.0
15.0
10.0
9.0
9.0
9.0
12.0
15.0
11.0
9.0
9.0
11.0
10.0
9.0
9.0
9.0
9.0
9.0
9.0
9.0
10.0
9.0
15.0
10.0
9.0
9.0
9.0
14.0
9.0
9.0
9.0
9.0
9.0
9.0
9.0
13.0
14.0
9.0
12.0
13.0
10.0
9.0
9.0
9.0
9.0
9.0
9.0
9.0
9.0
12.0
13.0
9.0
14.0
9.0
13.0
10.0
9.0
14.0
9.0
14.0
9.0
9.0
9.0
9.0
10.0
10.0
9.0
9.0
9.0
9.0
13.0
14.0
11.0
15.0
9.0
14.0
ESTRES
0.319137963
0.362438961
0.29074139
0.175519819
0.312757214
0.412213307
0.211859771
0.47503278
0.177046105
0.191619299
0.335344177
0.349455612
0.340755785
0.324440876
0.299840645
0.193207431
0.493733676
0.410186066
0.248464244
0.470939667
0.334110647
0.337869211
0.498697312
0.319764028
0.303573476
0.498429802
0.245114264
0.408803764
0.479047153
0.351926651
0.49887965
0.325226821
0.370297988
0.492773892
0.295703098
0.225674442
0.342117764
0.403846665
0.439522251
0.272359546
0.394939112
0.204918849
0.419574378
0.442442322
0.488548224
0.353185893
0.369052589
0.311227914
0.325379674
0.28658317
0.425857464
0.173005909
0.31050462
0.271181865
0.211495832
0.161250805
0.193981099
0.441781056
0.200919172
0.194093379
0.494706652
0.483743745
0.362217572
0.460277535
0.251067192
0.273333277
0.387602064
0.271574227
0.283575957
0.296054571
0.42909795
0.499207731
0.480926123
0.408212636
0.423653934
0.301338274
0.420997642
0.460230185
0.496462955
0.307966772
0.392546211
0.203847317
0.266168464
0.429624808
0.255360443
0.398420922
0.399431997
0.426299144
