Valor Objetivo:607.0
Runtime:901.0295939445496
Gap:0.0032948929159802307
1_1_1_1_20_1.0
5_1_1_1_5_1.0
6_1_1_1_8_1.0
7_1_1_1_76_1.0
8_1_1_1_32_1.0
9_1_1_1_9_1.0
10_1_1_1_1_1.0
score_s_1_1_1_84.0
12_2_1_1_88_1.0
13_2_1_1_73_1.0
16_2_1_1_29_1.0
17_2_1_1_66_1.0
18_2_1_1_49_1.0
20_2_1_1_3_1.0
22_2_1_1_56_1.0
score_s_2_1_1_71.0
23_3_2_1_14_1.0
24_3_2_1_70_1.0
26_3_2_1_85_1.0
27_3_2_1_41_1.0
28_3_2_1_13_1.0
29_3_2_1_16_1.0
30_3_2_1_22_1.0
score_s_3_2_1_72.0
34_4_2_1_53_1.0
36_4_2_1_87_1.0
37_4_2_1_74_1.0
38_4_2_1_77_1.0
39_4_2_1_17_1.0
40_4_2_1_28_1.0
41_4_2_1_23_1.0
42_4_2_1_47_1.0
score_s_4_2_1_82.0
45_5_3_2_52_1.0
48_5_3_2_80_1.0
49_5_3_2_44_1.0
50_5_3_2_50_1.0
51_5_3_2_67_1.0
54_5_3_2_26_1.0
55_5_3_2_82_1.0
score_s_5_3_2_73.0
57_6_3_2_78_1.0
60_6_3_2_7_1.0
61_6_3_2_38_1.0
62_6_3_2_36_1.0
64_6_3_2_10_1.0
65_6_3_2_62_1.0
66_6_3_2_18_1.0
score_s_6_3_2_72.0
67_7_4_2_2_1.0
68_7_4_2_6_1.0
69_7_4_2_15_1.0
70_7_4_2_24_1.0
71_7_4_2_57_1.0
76_7_4_2_71_1.0
77_7_4_2_37_1.0
score_s_7_4_2_77.0
78_8_4_2_65_1.0
81_8_4_2_75_1.0
82_8_4_2_11_1.0
83_8_4_2_12_1.0
85_8_4_2_19_1.0
86_8_4_2_46_1.0
88_8_4_2_4_1.0
score_s_8_4_2_76.0
DURACION
4.0
13.0
10.0
11.0
7.0
4.0
4.0
14.0
7.0
15.0
9.0
11.0
5.0
13.0
9.0
4.0
5.0
9.0
13.0
12.0
11.0
5.0
8.0
10.0
15.0
4.0
6.0
3.0
5.0
7.0
9.0
6.0
9.0
5.0
11.0
9.0
3.0
4.0
9.0
14.0
6.0
9.0
7.0
6.0
4.0
7.0
9.0
14.0
9.0
8.0
15.0
12.0
15.0
9.0
3.0
6.0
15.0
3.0
7.0
9.0
15.0
12.0
11.0
7.0
14.0
8.0
14.0
12.0
11.0
11.0
9.0
11.0
5.0
9.0
9.0
5.0
15.0
15.0
7.0
5.0
9.0
8.0
12.0
11.0
12.0
15.0
6.0
10.0
VALOR
9.0
15.0
13.0
15.0
9.0
9.0
9.0
14.0
9.0
10.0
9.0
13.0
9.0
15.0
10.0
9.0
9.0
9.0
12.0
15.0
11.0
9.0
9.0
11.0
10.0
9.0
9.0
9.0
9.0
9.0
9.0
9.0
10.0
9.0
15.0
10.0
9.0
9.0
9.0
14.0
9.0
9.0
9.0
9.0
9.0
9.0
9.0
13.0
14.0
9.0
12.0
13.0
10.0
9.0
9.0
9.0
9.0
9.0
9.0
9.0
9.0
12.0
13.0
9.0
14.0
9.0
13.0
10.0
9.0
14.0
9.0
14.0
9.0
9.0
9.0
9.0
10.0
10.0
9.0
9.0
9.0
9.0
13.0
14.0
11.0
15.0
9.0
14.0
ESTRES
0.462502956
0.471300631
0.369708379
0.415911638
0.436642865
0.427057437
0.377283672
0.366809766
0.381699606
0.427993487
0.410905744
0.353879368
0.40778088
0.399655635
0.356788641
0.406544465
0.463369596
0.406518145
0.369815888
0.403693494
0.47017858
0.44280091
0.393097504
0.44305755
0.4901943
0.372048719
0.490599787
0.447583967
0.401582595
0.480403426
0.48613181
0.426490285
0.48369986
0.465755325
0.477387682
0.365947469
0.399251856
0.405976123
0.498773667
0.465028464
0.373536001
0.459347346
0.473072278
0.417734803
0.437119996
0.393866672
0.40001052
0.446932107
0.389826585
0.405349023
0.435499794
0.386233127
0.409948549
0.458063978
0.441521178
0.350539134
0.416956486
0.448031571
0.489093755
0.473937336
0.428692311
0.357120879
0.43195075
0.495747261
0.390626673
0.394059327
0.408620027
0.454291713
0.442395795
0.396413408
0.388740068
0.40345978
0.357055385
0.351453761
0.382818662
0.399985531
0.396818769
0.373257143
0.488282485
0.382700238
0.438681191
0.406868159
0.412662705
0.489144654
0.377010307
0.457674424
0.403588242
0.388794985
