Valor Objetivo:604.0
Runtime:900.7316799163818
Gap:0.0033112582781456954
1_1_1_1_56_1.0
5_1_1_1_8_1.0
6_1_1_1_14_1.0
7_1_1_1_46_1.0
8_1_1_1_25_1.0
9_1_1_1_4_1.0
10_1_1_1_1_1.0
score_s_1_1_1_84.0
12_2_1_1_18_1.0
13_2_1_1_72_1.0
16_2_1_1_10_1.0
17_2_1_1_75_1.0
18_2_1_1_49_1.0
20_2_1_1_11_1.0
22_2_1_1_12_1.0
score_s_2_1_1_71.0
23_3_2_1_20_1.0
24_3_2_1_55_1.0
26_3_2_1_57_1.0
27_3_2_1_6_1.0
28_3_2_1_5_1.0
29_3_2_1_24_1.0
30_3_2_1_71_1.0
score_s_3_2_1_72.0
34_4_2_1_40_1.0
36_4_2_1_34_1.0
37_4_2_1_21_1.0
38_4_2_1_22_1.0
39_4_2_1_58_1.0
40_4_2_1_26_1.0
41_4_2_1_28_1.0
42_4_2_1_33_1.0
score_s_4_2_1_82.0
45_5_3_2_45_1.0
48_5_3_2_54_1.0
49_5_3_2_68_1.0
50_5_3_2_80_1.0
51_5_3_2_30_1.0
54_5_3_2_16_1.0
55_5_3_2_13_1.0
score_s_5_3_2_73.0
57_6_3_2_48_1.0
60_6_3_2_3_1.0
61_6_3_2_37_1.0
62_6_3_2_7_1.0
64_6_3_2_19_1.0
65_6_3_2_60_1.0
66_6_3_2_87_1.0
score_s_6_3_2_72.0
68_7_4_2_35_1.0
69_7_4_2_15_1.0
70_7_4_2_44_1.0
71_7_4_2_78_1.0
74_7_4_2_41_1.0
76_7_4_2_38_1.0
77_7_4_2_50_1.0
score_s_7_4_2_74.0
78_8_4_2_53_1.0
81_8_4_2_47_1.0
82_8_4_2_32_1.0
83_8_4_2_2_1.0
85_8_4_2_29_1.0
86_8_4_2_70_1.0
88_8_4_2_9_1.0
score_s_8_4_2_76.0
DURACION
4.0
13.0
10.0
11.0
7.0
4.0
4.0
14.0
7.0
15.0
9.0
11.0
5.0
13.0
9.0
4.0
5.0
9.0
13.0
12.0
11.0
5.0
8.0
10.0
15.0
4.0
6.0
3.0
5.0
7.0
9.0
6.0
9.0
5.0
11.0
9.0
3.0
4.0
9.0
14.0
6.0
9.0
7.0
6.0
4.0
7.0
9.0
14.0
9.0
8.0
15.0
12.0
15.0
9.0
3.0
6.0
15.0
3.0
7.0
9.0
15.0
12.0
11.0
7.0
14.0
8.0
14.0
12.0
11.0
11.0
9.0
11.0
5.0
9.0
9.0
5.0
15.0
15.0
7.0
5.0
9.0
8.0
12.0
11.0
12.0
15.0
6.0
10.0
VALOR
9.0
15.0
13.0
15.0
9.0
9.0
9.0
14.0
9.0
10.0
9.0
13.0
9.0
15.0
10.0
9.0
9.0
9.0
12.0
15.0
11.0
9.0
9.0
11.0
10.0
9.0
9.0
9.0
9.0
9.0
9.0
9.0
10.0
9.0
15.0
10.0
9.0
9.0
9.0
14.0
9.0
9.0
9.0
9.0
9.0
9.0
9.0
13.0
14.0
9.0
12.0
13.0
10.0
9.0
9.0
9.0
9.0
9.0
9.0
9.0
9.0
12.0
13.0
9.0
14.0
9.0
13.0
10.0
9.0
14.0
9.0
14.0
9.0
9.0
9.0
9.0
10.0
10.0
9.0
9.0
9.0
9.0
13.0
14.0
11.0
15.0
9.0
14.0
ESTRES
0.188170815
0.268356325
0.213369792
0.295173876
0.32711837
0.330233141
0.318863131
0.17526565
0.214237391
0.245198289
0.184107252
0.174357464
0.330361426
0.163401593
0.277457175
0.180038678
0.317640065
0.257732635
0.170788966
0.188684995
0.171444291
0.247552104
0.315732186
0.180925403
0.26059677
0.300224678
0.312441926
0.175213936
0.164752457
0.263784467
0.31047503
0.209312185
0.18324708
0.261612387
0.218135242
0.309645089
0.217482433
0.253292379
0.328161899
0.233852129
0.191534274
0.269292149
0.282897494
0.244224686
0.181098838
0.232078227
0.191121377
0.212538213
0.180269993
0.241506295
0.266965048
0.263056277
0.18931212
0.176053903
0.213278178
0.167734633
0.170801821
0.233959414
0.257694063
0.16871473
0.256532638
0.330382066
0.299506058
0.275832524
0.338430956
0.329869635
0.28256817
0.202539706
0.329628941
0.179808254
0.202669557
0.171523339
0.291113025
0.266184727
0.186492889
0.234047084
0.239998385
0.223973613
0.33930901
0.192416946
0.327160438
0.241660314
0.24730151
0.248807315
0.289209081
0.284166754
0.167324432
0.285973218
