Valor Objetivo:739.0
Runtime:900.5263848304749
Gap:0.0013531799729364006
1_1_1_1_17_1.0
5_1_1_1_69_1.0
6_1_1_1_67_1.0
7_1_1_1_71_1.0
8_1_1_1_56_1.0
9_1_1_1_85_1.0
10_1_1_1_78_1.0
11_1_1_1_43_1.0
score_s_1_1_1_99.0
12_2_1_1_6_1.0
13_2_1_1_39_1.0
14_2_1_1_18_1.0
15_2_1_1_70_1.0
16_2_1_1_2_1.0
17_2_1_1_81_1.0
18_2_1_1_27_1.0
20_2_1_1_52_1.0
22_2_1_1_76_1.0
score_s_2_1_1_89.0
23_3_2_1_63_1.0
24_3_2_1_49_1.0
26_3_2_1_66_1.0
27_3_2_1_28_1.0
28_3_2_1_42_1.0
29_3_2_1_22_1.0
30_3_2_1_35_1.0
32_3_2_1_82_1.0
33_3_2_1_54_1.0
score_s_3_2_1_95.0
34_4_2_1_29_1.0
35_4_2_1_3_1.0
36_4_2_1_23_1.0
37_4_2_1_62_1.0
38_4_2_1_31_1.0
39_4_2_1_8_1.0
40_4_2_1_79_1.0
41_4_2_1_83_1.0
42_4_2_1_53_1.0
score_s_4_2_1_95.0
45_5_3_2_57_1.0
48_5_3_2_19_1.0
49_5_3_2_5_1.0
50_5_3_2_47_1.0
51_5_3_2_58_1.0
53_5_3_2_21_1.0
54_5_3_2_37_1.0
55_5_3_2_38_1.0
score_s_5_3_2_82.0
56_6_3_2_36_1.0
57_6_3_2_13_1.0
59_6_3_2_14_1.0
61_6_3_2_77_1.0
62_6_3_2_4_1.0
63_6_3_2_10_1.0
64_6_3_2_33_1.0
65_6_3_2_20_1.0
66_6_3_2_55_1.0
score_s_6_3_2_87.0
67_7_4_2_73_1.0
68_7_4_2_46_1.0
69_7_4_2_12_1.0
70_7_4_2_45_1.0
71_7_4_2_75_1.0
73_7_4_2_87_1.0
74_7_4_2_41_1.0
76_7_4_2_11_1.0
77_7_4_2_88_1.0
score_s_7_4_2_96.0
78_8_4_2_7_1.0
80_8_4_2_25_1.0
81_8_4_2_9_1.0
82_8_4_2_1_1.0
83_8_4_2_24_1.0
84_8_4_2_72_1.0
85_8_4_2_15_1.0
86_8_4_2_84_1.0
88_8_4_2_64_1.0
score_s_8_4_2_96.0
DURACION
4.0
13.0
10.0
11.0
7.0
4.0
4.0
14.0
7.0
15.0
9.0
11.0
5.0
13.0
9.0
4.0
5.0
9.0
13.0
12.0
11.0
5.0
8.0
10.0
15.0
4.0
6.0
3.0
5.0
7.0
9.0
6.0
9.0
5.0
11.0
9.0
3.0
4.0
9.0
14.0
6.0
9.0
7.0
6.0
4.0
7.0
9.0
14.0
9.0
8.0
15.0
12.0
15.0
9.0
3.0
6.0
15.0
3.0
7.0
9.0
15.0
12.0
11.0
7.0
14.0
8.0
14.0
12.0
11.0
11.0
9.0
11.0
5.0
9.0
9.0
5.0
15.0
15.0
7.0
5.0
9.0
8.0
12.0
11.0
12.0
15.0
6.0
10.0
VALOR
9.0
15.0
13.0
15.0
9.0
9.0
9.0
14.0
9.0
10.0
9.0
13.0
9.0
15.0
10.0
9.0
9.0
9.0
12.0
15.0
11.0
9.0
9.0
11.0
10.0
9.0
9.0
9.0
9.0
9.0
9.0
9.0
10.0
9.0
15.0
10.0
9.0
9.0
9.0
14.0
9.0
9.0
9.0
9.0
9.0
9.0
9.0
13.0
14.0
9.0
12.0
13.0
10.0
9.0
9.0
9.0
9.0
9.0
9.0
9.0
9.0
12.0
13.0
9.0
14.0
9.0
13.0
10.0
9.0
14.0
9.0
14.0
9.0
9.0
9.0
9.0
10.0
10.0
9.0
9.0
9.0
9.0
13.0
14.0
11.0
15.0
9.0
14.0
ESTRES
0.086128283
0.028936978
0.035474765
0.157737349
0.41698326
0.232828783
0.33882491
0.317751108
0.240439271
0.096521514
0.186040137
0.012113026
0.201000811
0.161972232
0.015784831
0.492453497
0.266856076
0.100604481
0.253772005
0.194211147
0.252174516
0.074329551
0.315207409
0.009435285
0.063538659
0.430074401
0.193363523
0.101025463
0.278867684
0.333027313
0.267007406
0.499368769
0.029622098
0.450854181
0.267939137
0.123984801
0.113291916
0.323241171
0.14732384
0.435480449
0.157488919
0.065743723
0.013402908
0.497377085
0.271283272
0.021663556
0.297077921
0.361006875
0.213115162
0.3968768
0.339752935
0.017439063
0.225898664
0.114284584
0.238927762
0.291803668
0.302611943
0.313709354
0.474125915
0.467011034
0.3225786
0.143366153
0.009612157
0.013254156
0.364316682
0.142325429
0.157643017
0.357537698
0.099035041
0.135926722
0.302868009
0.198070835
0.041426681
0.485693769
0.296425735
0.066000072
0.262118713
0.082616581
0.311546899
0.416000568
0.212280685
0.012725277
0.156752827
0.288628371
0.161143107
0.405616415
0.126923014
0.178022978
