Valor Objetivo:724.0
Runtime:901.1067464351654
Gap:0.0027624309392265192
1_1_1_1_75_1.0
5_1_1_1_71_1.0
6_1_1_1_66_1.0
7_1_1_1_53_1.0
8_1_1_1_37_1.0
9_1_1_1_28_1.0
10_1_1_1_87_1.0
11_1_1_1_73_1.0
score_s_1_1_1_99.0
12_2_1_1_8_1.0
13_2_1_1_10_1.0
14_2_1_1_82_1.0
15_2_1_1_76_1.0
16_2_1_1_7_1.0
17_2_1_1_13_1.0
18_2_1_1_70_1.0
20_2_1_1_78_1.0
21_2_1_1_85_1.0
score_s_2_1_1_87.0
23_3_2_1_19_1.0
24_3_2_1_26_1.0
26_3_2_1_12_1.0
27_3_2_1_77_1.0
28_3_2_1_24_1.0
29_3_2_1_81_1.0
30_3_2_1_31_1.0
32_3_2_1_68_1.0
score_s_3_2_1_86.0
34_4_2_1_44_1.0
35_4_2_1_27_1.0
36_4_2_1_43_1.0
37_4_2_1_62_1.0
38_4_2_1_86_1.0
39_4_2_1_80_1.0
40_4_2_1_42_1.0
41_4_2_1_88_1.0
42_4_2_1_9_1.0
score_s_4_2_1_95.0
45_5_3_2_20_1.0
48_5_3_2_15_1.0
49_5_3_2_49_1.0
50_5_3_2_29_1.0
51_5_3_2_58_1.0
53_5_3_2_72_1.0
54_5_3_2_4_1.0
55_5_3_2_30_1.0
score_s_5_3_2_82.0
56_6_3_2_64_1.0
57_6_3_2_21_1.0
59_6_3_2_17_1.0
61_6_3_2_84_1.0
62_6_3_2_25_1.0
63_6_3_2_79_1.0
64_6_3_2_23_1.0
65_6_3_2_5_1.0
66_6_3_2_3_1.0
score_s_6_3_2_87.0
68_7_4_2_18_1.0
69_7_4_2_63_1.0
70_7_4_2_56_1.0
71_7_4_2_51_1.0
72_7_4_2_1_1.0
73_7_4_2_6_1.0
74_7_4_2_2_1.0
76_7_4_2_11_1.0
77_7_4_2_22_1.0
score_s_7_4_2_92.0
78_8_4_2_69_1.0
80_8_4_2_67_1.0
81_8_4_2_14_1.0
82_8_4_2_60_1.0
83_8_4_2_65_1.0
84_8_4_2_16_1.0
85_8_4_2_83_1.0
86_8_4_2_61_1.0
88_8_4_2_74_1.0
score_s_8_4_2_96.0
DURACION
4.0
13.0
10.0
11.0
7.0
4.0
4.0
14.0
7.0
15.0
9.0
11.0
5.0
13.0
9.0
4.0
5.0
9.0
13.0
12.0
11.0
5.0
8.0
10.0
15.0
4.0
6.0
3.0
5.0
7.0
9.0
6.0
9.0
5.0
11.0
9.0
3.0
4.0
9.0
14.0
6.0
9.0
7.0
6.0
4.0
7.0
9.0
14.0
9.0
8.0
15.0
12.0
15.0
9.0
3.0
6.0
15.0
3.0
7.0
9.0
15.0
12.0
11.0
7.0
14.0
8.0
14.0
12.0
11.0
11.0
9.0
11.0
5.0
9.0
9.0
5.0
15.0
15.0
7.0
5.0
9.0
8.0
12.0
11.0
12.0
15.0
6.0
10.0
VALOR
9.0
15.0
13.0
15.0
9.0
9.0
9.0
14.0
9.0
10.0
9.0
13.0
9.0
15.0
10.0
9.0
9.0
9.0
12.0
15.0
11.0
9.0
9.0
11.0
10.0
9.0
9.0
9.0
9.0
9.0
9.0
9.0
10.0
9.0
15.0
10.0
9.0
9.0
9.0
14.0
9.0
9.0
9.0
9.0
9.0
9.0
9.0
13.0
14.0
9.0
12.0
13.0
10.0
9.0
9.0
9.0
9.0
9.0
9.0
9.0
9.0
12.0
13.0
9.0
14.0
9.0
13.0
10.0
9.0
14.0
9.0
14.0
9.0
9.0
9.0
9.0
10.0
10.0
9.0
9.0
9.0
9.0
13.0
14.0
11.0
15.0
9.0
14.0
ESTRES
0.095010448
0.047732856
0.1297658
0.041013807
0.152493799
0.132671391
0.222865759
0.303836814
0.263717639
0.156259262
0.245028847
0.207792105
0.273143247
0.322685985
0.221184171
0.151855687
0.130403115
0.044114538
0.059902516
0.214479499
0.252317026
0.120985329
0.021806431
0.193084539
0.192227458
0.301963147
0.088403959
0.217538108
0.301181322
0.415302104
0.377962932
0.492152205
0.434523313
0.476524849
0.447388844
0.497667151
0.443972631
0.47168687
0.424703064
0.408419801
0.487348093
0.403356717
0.38594115
0.363468328
0.44755238
0.490696226
0.475114981
0.464701014
0.378830456
0.485791561
0.388208918
0.439458265
0.404041995
0.484660774
0.49990625
0.361880657
0.408476097
0.373547924
0.437773862
0.191896416
0.250781403
0.088730801
0.046970589
0.155700015
0.07279774
0.060019324
0.076017307
0.028737039
0.296886918
0.211090514
0.078121378
0.227564684
0.038113609
0.029017488
0.323023421
0.119624288
0.294185577
0.012790219
0.145053941
0.305414766
0.186815431
0.09060912
0.063623307
0.279417633
0.170591367
0.28300453
0.052585615
0.172610376
