Valor Objetivo:740.0
Runtime:31.11692452430725
Gap:0.0
1_1_1_1_41_1.0
5_1_1_1_88_1.0
6_1_1_1_86_1.0
7_1_1_1_5_1.0
8_1_1_1_10_1.0
9_1_1_1_37_1.0
10_1_1_1_60_1.0
11_1_1_1_77_1.0
score_s_1_1_1_99.0
12_2_1_1_42_1.0
13_2_1_1_1_1.0
14_2_1_1_72_1.0
15_2_1_1_70_1.0
16_2_1_1_34_1.0
17_2_1_1_49_1.0
18_2_1_1_52_1.0
20_2_1_1_66_1.0
21_2_1_1_76_1.0
score_s_2_1_1_87.0
23_3_2_1_78_1.0
24_3_2_1_36_1.0
26_3_2_1_39_1.0
27_3_2_1_67_1.0
28_3_2_1_65_1.0
29_3_2_1_81_1.0
30_3_2_1_6_1.0
32_3_2_1_82_1.0
33_3_2_1_79_1.0
score_s_3_2_1_95.0
34_4_2_1_31_1.0
35_4_2_1_74_1.0
36_4_2_1_11_1.0
37_4_2_1_69_1.0
38_4_2_1_56_1.0
39_4_2_1_3_1.0
40_4_2_1_59_1.0
41_4_2_1_46_1.0
42_4_2_1_33_1.0
score_s_4_2_1_95.0
45_5_3_2_38_1.0
48_5_3_2_45_1.0
49_5_3_2_43_1.0
50_5_3_2_48_1.0
51_5_3_2_15_1.0
53_5_3_2_4_1.0
54_5_3_2_87_1.0
55_5_3_2_54_1.0
score_s_5_3_2_82.0
56_6_3_2_68_1.0
57_6_3_2_50_1.0
59_6_3_2_71_1.0
60_6_3_2_63_1.0
61_6_3_2_55_1.0
62_6_3_2_51_1.0
64_6_3_2_61_1.0
65_6_3_2_35_1.0
66_6_3_2_32_1.0
score_s_6_3_2_90.0
67_7_4_2_80_1.0
68_7_4_2_75_1.0
69_7_4_2_73_1.0
70_7_4_2_57_1.0
71_7_4_2_20_1.0
72_7_4_2_85_1.0
74_7_4_2_40_1.0
76_7_4_2_2_1.0
77_7_4_2_44_1.0
score_s_7_4_2_96.0
78_8_4_2_58_1.0
80_8_4_2_84_1.0
81_8_4_2_8_1.0
82_8_4_2_30_1.0
83_8_4_2_83_1.0
84_8_4_2_47_1.0
85_8_4_2_62_1.0
86_8_4_2_53_1.0
88_8_4_2_64_1.0
score_s_8_4_2_96.0
DURACION
4.0
13.0
10.0
11.0
7.0
4.0
4.0
14.0
7.0
15.0
9.0
11.0
5.0
13.0
9.0
4.0
5.0
9.0
13.0
12.0
11.0
5.0
8.0
10.0
15.0
4.0
6.0
3.0
5.0
7.0
9.0
6.0
9.0
5.0
11.0
9.0
3.0
4.0
9.0
14.0
6.0
9.0
7.0
6.0
4.0
7.0
9.0
14.0
9.0
8.0
15.0
12.0
15.0
9.0
3.0
6.0
15.0
3.0
7.0
9.0
15.0
12.0
11.0
7.0
14.0
8.0
14.0
12.0
11.0
11.0
9.0
11.0
5.0
9.0
9.0
5.0
15.0
15.0
7.0
5.0
9.0
8.0
12.0
11.0
12.0
15.0
6.0
10.0
VALOR
9.0
15.0
13.0
15.0
9.0
9.0
9.0
14.0
9.0
10.0
9.0
13.0
9.0
15.0
10.0
9.0
9.0
9.0
12.0
15.0
11.0
9.0
9.0
11.0
10.0
9.0
9.0
9.0
9.0
9.0
9.0
9.0
10.0
9.0
15.0
10.0
9.0
9.0
9.0
14.0
9.0
9.0
9.0
9.0
9.0
9.0
9.0
13.0
14.0
9.0
12.0
13.0
10.0
9.0
9.0
9.0
9.0
9.0
9.0
9.0
9.0
12.0
13.0
9.0
14.0
9.0
13.0
10.0
9.0
14.0
9.0
14.0
9.0
9.0
9.0
9.0
10.0
10.0
9.0
9.0
9.0
9.0
13.0
14.0
11.0
15.0
9.0
14.0
ESTRES
0.355901514
0.443835362
0.492048157
0.376722715
0.469908472
0.373790351
0.492951726
0.386441365
0.487697788
0.398661471
0.377326301
0.449302127
0.456576422
0.439208259
0.360292906
0.453257224
0.388835428
0.36433256
0.386004905
0.350234777
0.439283559
0.417701734
0.496187336
0.420539438
0.452104308
0.432059986
0.438080585
0.462525564
0.461062979
0.197967557
0.303792486
0.194345577
0.282238047
0.203499729
0.165791287
0.25077548
0.216509387
0.2536214
0.179420656
0.161380123
0.297937034
0.261554723
0.329746516
0.207867692
0.299985672
0.169747092
0.16981185
0.30303799
0.277635353
0.228503613
0.210816984
0.243618375
0.322214007
0.332086846
0.27541037
0.303123255
0.310185304
0.313817217
0.332770127
0.051313836
0.038800168
0.053238035
0.005529188
0.006806116
0.057791377
0.018718718
0.136854645
0.102542909
0.147146118
0.112600254
0.135292477
0.098073553
0.037866366
0.08637683
0.052348272
0.124087349
0.037708462
0.008558041
0.124750896
0.005564202
0.07359483
0.008611844
0.058020787
0.087912065
0.132531697
0.085584307
0.09357066
0.113460223
