Valor Objetivo:734.0
Runtime:860.3663787841797
Gap:0.0
1_1_1_1_46_1.0
5_1_1_1_60_1.0
6_1_1_1_69_1.0
7_1_1_1_24_1.0
8_1_1_1_30_1.0
9_1_1_1_42_1.0
10_1_1_1_73_1.0
11_1_1_1_67_1.0
score_s_1_1_1_99.0
12_2_1_1_33_1.0
13_2_1_1_81_1.0
15_2_1_1_85_1.0
16_2_1_1_32_1.0
17_2_1_1_2_1.0
18_2_1_1_50_1.0
20_2_1_1_61_1.0
21_2_1_1_76_1.0
22_2_1_1_83_1.0
score_s_2_1_1_89.0
23_3_2_1_88_1.0
24_3_2_1_52_1.0
26_3_2_1_45_1.0
27_3_2_1_57_1.0
28_3_2_1_31_1.0
29_3_2_1_34_1.0
30_3_2_1_5_1.0
32_3_2_1_84_1.0
score_s_3_2_1_86.0
34_4_2_1_13_1.0
35_4_2_1_72_1.0
36_4_2_1_35_1.0
37_4_2_1_68_1.0
38_4_2_1_40_1.0
39_4_2_1_58_1.0
40_4_2_1_9_1.0
41_4_2_1_47_1.0
42_4_2_1_53_1.0
score_s_4_2_1_95.0
45_5_3_2_59_1.0
48_5_3_2_51_1.0
49_5_3_2_55_1.0
50_5_3_2_4_1.0
51_5_3_2_7_1.0
53_5_3_2_38_1.0
54_5_3_2_77_1.0
55_5_3_2_44_1.0
score_s_5_3_2_82.0
56_6_3_2_80_1.0
57_6_3_2_41_1.0
59_6_3_2_66_1.0
60_6_3_2_65_1.0
61_6_3_2_49_1.0
62_6_3_2_70_1.0
64_6_3_2_78_1.0
65_6_3_2_37_1.0
66_6_3_2_1_1.0
score_s_6_3_2_90.0
67_7_4_2_63_1.0
68_7_4_2_79_1.0
69_7_4_2_64_1.0
70_7_4_2_36_1.0
71_7_4_2_54_1.0
73_7_4_2_74_1.0
74_7_4_2_87_1.0
76_7_4_2_43_1.0
77_7_4_2_39_1.0
score_s_7_4_2_96.0
78_8_4_2_3_1.0
79_8_4_2_82_1.0
80_8_4_2_71_1.0
81_8_4_2_6_1.0
82_8_4_2_48_1.0
84_8_4_2_75_1.0
85_8_4_2_86_1.0
86_8_4_2_56_1.0
88_8_4_2_62_1.0
score_s_8_4_2_97.0
DURACION
4.0
13.0
10.0
11.0
7.0
4.0
4.0
14.0
7.0
15.0
9.0
11.0
5.0
13.0
9.0
4.0
5.0
9.0
13.0
12.0
11.0
5.0
8.0
10.0
15.0
4.0
6.0
3.0
5.0
7.0
9.0
6.0
9.0
5.0
11.0
9.0
3.0
4.0
9.0
14.0
6.0
9.0
7.0
6.0
4.0
7.0
9.0
14.0
9.0
8.0
15.0
12.0
15.0
9.0
3.0
6.0
15.0
3.0
7.0
9.0
15.0
12.0
11.0
7.0
14.0
8.0
14.0
12.0
11.0
11.0
9.0
11.0
5.0
9.0
9.0
5.0
15.0
15.0
7.0
5.0
9.0
8.0
12.0
11.0
12.0
15.0
6.0
10.0
VALOR
9.0
15.0
13.0
15.0
9.0
9.0
9.0
14.0
9.0
10.0
9.0
13.0
9.0
15.0
10.0
9.0
9.0
9.0
12.0
15.0
11.0
9.0
9.0
11.0
10.0
9.0
9.0
9.0
9.0
9.0
9.0
9.0
10.0
9.0
15.0
10.0
9.0
9.0
9.0
14.0
9.0
9.0
9.0
9.0
9.0
9.0
9.0
13.0
14.0
9.0
12.0
13.0
10.0
9.0
9.0
9.0
9.0
9.0
9.0
9.0
9.0
12.0
13.0
9.0
14.0
9.0
13.0
10.0
9.0
14.0
9.0
14.0
9.0
9.0
9.0
9.0
10.0
10.0
9.0
9.0
9.0
9.0
13.0
14.0
11.0
15.0
9.0
14.0
ESTRES
0.397425987
0.41185769
0.48852648
0.437156932
0.438207894
0.383879366
0.393230207
0.456026371
0.401780959
0.445227763
0.396560868
0.453780741
0.360481134
0.383408263
0.490607202
0.451631949
0.389233683
0.418073448
0.492817278
0.379624923
0.477923395
0.397129938
0.369343186
0.352402982
0.420217711
0.41641106
0.423052627
0.499194746
0.378987698
0.325050372
0.182382964
0.19020004
0.22019192
0.22958062
0.323570904
0.293881042
0.190318701
0.270045639
0.189374551
0.281033671
0.218045944
0.181575085
0.195052342
0.338533123
0.282869127
0.280207217
0.174047943
0.186087739
0.249552683
0.210292716
0.210401678
0.265821232
0.296173967
0.31533167
0.32855043
0.302693899
0.236691281
0.312567123
0.268174332
0.09213594
0.04223415
0.005629546
0.011799978
0.085202118
0.044146957
0.091247043
0.024781023
0.111604002
0.101540759
0.148386467
0.070372072
0.111391997
0.099080982
0.124117042
0.142936571
0.095365107
0.145096642
0.075980148
0.071490712
0.113305135
0.100030232
0.013919635
0.087974591
0.046288678
0.143384607
0.073885202
0.136460308
0.103504581
