Valor Objetivo:775.0
Runtime:901.3704290390015
Gap:0.0064516129032258064
1_1_1_1_50_1.0
2_1_1_1_58_1.0
3_1_1_1_68_1.0
4_1_1_1_74_1.0
5_1_1_1_39_1.0
8_1_1_1_88_1.0
9_1_1_1_77_1.0
10_1_1_1_62_1.0
11_1_1_1_9_1.0
score_s_1_1_1_96.0
13_2_1_1_63_1.0
14_2_1_1_34_1.0
15_2_1_1_61_1.0
16_2_1_1_19_1.0
17_2_1_1_18_1.0
18_2_1_1_76_1.0
20_2_1_1_75_1.0
21_2_1_1_38_1.0
22_2_1_1_45_1.0
score_s_2_1_1_100.0
24_3_2_1_4_1.0
25_3_2_1_12_1.0
26_3_2_1_80_1.0
27_3_2_1_3_1.0
28_3_2_1_81_1.0
29_3_2_1_73_1.0
30_3_2_1_71_1.0
31_3_2_1_14_1.0
32_3_2_1_67_1.0
33_3_2_1_11_1.0
score_s_3_2_1_99.0
34_4_2_1_40_1.0
35_4_2_1_53_1.0
38_4_2_1_54_1.0
39_4_2_1_78_1.0
41_4_2_1_20_1.0
42_4_2_1_85_1.0
43_4_2_1_47_1.0
44_4_2_1_66_1.0
score_s_4_2_1_95.0
45_5_3_2_41_1.0
46_5_3_2_60_1.0
47_5_3_2_64_1.0
48_5_3_2_42_1.0
50_5_3_2_51_1.0
51_5_3_2_44_1.0
53_5_3_2_84_1.0
54_5_3_2_52_1.0
55_5_3_2_82_1.0
score_s_5_3_2_93.0
56_6_3_2_49_1.0
57_6_3_2_69_1.0
59_6_3_2_6_1.0
60_6_3_2_15_1.0
61_6_3_2_31_1.0
62_6_3_2_79_1.0
63_6_3_2_72_1.0
64_6_3_2_25_1.0
65_6_3_2_29_1.0
66_6_3_2_59_1.0
score_s_6_3_2_100.0
68_7_4_2_8_1.0
69_7_4_2_2_1.0
70_7_4_2_83_1.0
71_7_4_2_10_1.0
72_7_4_2_87_1.0
73_7_4_2_55_1.0
74_7_4_2_13_1.0
75_7_4_2_33_1.0
76_7_4_2_1_1.0
score_s_7_4_2_98.0
78_8_4_2_24_1.0
79_8_4_2_30_1.0
80_8_4_2_27_1.0
83_8_4_2_32_1.0
84_8_4_2_43_1.0
85_8_4_2_23_1.0
86_8_4_2_36_1.0
88_8_4_2_21_1.0
score_s_8_4_2_94.0
DURACION
7.0
3.0
9.0
15.0
7.0
8.0
9.0
10.0
12.0
15.0
5.0
11.0
4.0
5.0
6.0
9.0
6.0
11.0
6.0
14.0
9.0
15.0
13.0
13.0
6.0
9.0
9.0
9.0
13.0
12.0
3.0
15.0
3.0
8.0
11.0
7.0
13.0
9.0
4.0
10.0
3.0
9.0
6.0
9.0
10.0
12.0
10.0
10.0
9.0
15.0
14.0
7.0
15.0
5.0
9.0
11.0
9.0
6.0
3.0
9.0
9.0
6.0
15.0
5.0
3.0
4.0
9.0
12.0
3.0
8.0
10.0
14.0
4.0
3.0
11.0
3.0
12.0
9.0
14.0
4.0
6.0
13.0
7.0
11.0
14.0
15.0
12.0
4.0
VALOR
9.0
9.0
9.0
11.0
9.0
9.0
9.0
15.0
12.0
11.0
9.0
10.0
9.0
9.0
9.0
13.0
9.0
13.0
9.0
15.0
11.0
15.0
11.0
14.0
9.0
9.0
13.0
9.0
14.0
12.0
9.0
14.0
9.0
9.0
14.0
9.0
11.0
9.0
9.0
11.0
9.0
9.0
9.0
11.0
14.0
12.0
12.0
14.0
9.0
15.0
12.0
9.0
13.0
9.0
9.0
11.0
9.0
9.0
9.0
9.0
14.0
9.0
13.0
9.0
9.0
9.0
10.0
15.0
9.0
9.0
14.0
13.0
9.0
9.0
13.0
9.0
13.0
9.0
15.0
9.0
9.0
13.0
9.0
15.0
10.0
13.0
11.0
9.0
ESTRES
0.042991441
0.028034078
0.089934313
0.015275267
0.104823483
0.008244472
0.08509223
0.148110906
0.029833621
0.081001139
0.136553396
0.079425936
0.062744439
0.070533452
0.055888139
0.13297589
0.146488282
0.068753746
0.03177223
0.023814164
0.015975809
0.132638652
0.005951386
0.024949247
0.042873168
0.13347955
0.021543261
0.107911174
0.076478833
0.027633439
0.06572519
0.0448602
0.116804913
0.083684926
0.144684767
0.038521154
0.1061967
0.09513445
0.046201067
0.067163753
0.040650055
0.05936485
0.014854593
0.087877735
0.074155984
0.14874298
0.008710899
0.148957018
0.098924074
0.064865826
0.012200789
0.042005493
0.063633154
0.063248804
0.139834469
0.148399898
0.064101652
0.053226109
0.080487039
0.013905242
0.078070998
0.081309173
0.074539358
0.073110171
0.127870215
0.067238907
0.140901955
0.092293593
0.095525282
0.122874265
0.116148131
0.086965651
0.121384606
0.112048619
0.100297057
0.078196097
0.111075368
0.06222982
0.116438554
0.131094824
0.11827164
0.064216417
0.127556068
0.028445778
0.073101719
0.145629273
0.146754306
0.072103885
