Valor Objetivo:700.0
Runtime:900.6909375190735
Gap:0.0014285714285714286
1_1_1_1_8_1.0
3_1_1_1_14_1.0
4_1_1_1_67_1.0
5_1_1_1_34_1.0
6_1_1_1_63_1.0
7_1_1_1_3_1.0
8_1_1_1_55_1.0
9_1_1_1_27_1.0
10_1_1_1_52_1.0
score_s_1_1_1_88.0
14_2_1_1_66_1.0
15_2_1_1_87_1.0
16_2_1_1_72_1.0
17_2_1_1_9_1.0
18_2_1_1_76_1.0
20_2_1_1_69_1.0
21_2_1_1_53_1.0
22_2_1_1_38_1.0
score_s_2_1_1_89.0
24_3_2_1_77_1.0
25_3_2_1_5_1.0
26_3_2_1_68_1.0
27_3_2_1_4_1.0
28_3_2_1_42_1.0
29_3_2_1_23_1.0
30_3_2_1_58_1.0
31_3_2_1_15_1.0
32_3_2_1_78_1.0
33_3_2_1_80_1.0
score_s_3_2_1_99.0
34_4_2_1_50_1.0
35_4_2_1_81_1.0
36_4_2_1_6_1.0
37_4_2_1_1_1.0
38_4_2_1_26_1.0
43_4_2_1_36_1.0
44_4_2_1_20_1.0
score_s_4_2_1_82.0
46_5_3_2_48_1.0
48_5_3_2_59_1.0
49_5_3_2_71_1.0
51_5_3_2_74_1.0
53_5_3_2_21_1.0
54_5_3_2_12_1.0
55_5_3_2_79_1.0
score_s_5_3_2_77.0
56_6_3_2_60_1.0
57_6_3_2_51_1.0
59_6_3_2_28_1.0
60_6_3_2_37_1.0
61_6_3_2_25_1.0
62_6_3_2_13_1.0
63_6_3_2_10_1.0
65_6_3_2_65_1.0
66_6_3_2_56_1.0
score_s_6_3_2_89.0
67_7_4_2_86_1.0
69_7_4_2_2_1.0
70_7_4_2_22_1.0
71_7_4_2_33_1.0
72_7_4_2_70_1.0
73_7_4_2_64_1.0
74_7_4_2_61_1.0
76_7_4_2_57_1.0
77_7_4_2_82_1.0
score_s_7_4_2_97.0
78_8_4_2_7_1.0
79_8_4_2_29_1.0
80_8_4_2_45_1.0
83_8_4_2_88_1.0
85_8_4_2_43_1.0
86_8_4_2_46_1.0
88_8_4_2_35_1.0
score_s_8_4_2_79.0
DURACION
7.0
3.0
9.0
15.0
7.0
8.0
9.0
10.0
12.0
15.0
5.0
11.0
4.0
5.0
6.0
9.0
6.0
11.0
6.0
14.0
9.0
15.0
13.0
13.0
6.0
9.0
9.0
9.0
13.0
12.0
3.0
15.0
3.0
8.0
11.0
7.0
13.0
9.0
4.0
10.0
3.0
9.0
6.0
9.0
10.0
12.0
10.0
10.0
9.0
15.0
14.0
7.0
15.0
5.0
9.0
11.0
9.0
6.0
3.0
9.0
9.0
6.0
15.0
5.0
3.0
4.0
9.0
12.0
3.0
8.0
10.0
14.0
4.0
3.0
11.0
3.0
12.0
9.0
14.0
4.0
6.0
13.0
7.0
11.0
14.0
15.0
12.0
4.0
VALOR
9.0
9.0
9.0
11.0
9.0
9.0
9.0
15.0
12.0
11.0
9.0
10.0
9.0
9.0
9.0
13.0
9.0
13.0
9.0
15.0
11.0
15.0
11.0
14.0
9.0
9.0
13.0
9.0
14.0
12.0
9.0
14.0
9.0
9.0
14.0
9.0
11.0
9.0
9.0
11.0
9.0
9.0
9.0
11.0
14.0
12.0
12.0
14.0
9.0
15.0
12.0
9.0
13.0
9.0
9.0
11.0
9.0
9.0
9.0
9.0
14.0
9.0
13.0
9.0
9.0
9.0
10.0
15.0
9.0
9.0
14.0
13.0
9.0
9.0
13.0
9.0
13.0
9.0
15.0
9.0
9.0
13.0
9.0
15.0
10.0
13.0
11.0
9.0
ESTRES
0.174095637
0.285522908
0.217262801
0.286292057
0.217859868
0.206413579
0.198319774
0.230674771
0.274727357
0.234809155
0.325281979
0.187761945
0.291596681
0.295484847
0.230283547
0.316958101
0.322829256
0.330287138
0.302345263
0.178844766
0.194462425
0.233008913
0.229996523
0.289720549
0.239449472
0.186343087
0.26629957
0.275018409
0.197386627
0.311349915
0.327860812
0.273228982
0.257594077
0.223903527
0.195540325
0.171655576
0.246893286
0.210243678
0.321104686
0.280188077
0.32294797
0.207393148
0.166537022
0.333598991
0.176255716
0.181539945
0.313541705
0.195522453
0.29818033
0.236125615
0.232944703
0.246975664
0.259919043
0.32425445
0.230015242
0.222079529
0.272189489
0.203772787
0.216911082
0.254775915
0.237775647
0.336529633
0.281774963
0.264700495
0.237537348
0.237447116
0.275082048
0.233763749
0.258724544
0.262147562
0.169940931
0.192161044
0.273255279
0.251092777
0.289411113
0.185763178
0.244415267
0.251773774
0.207546989
0.21873526
0.222144465
0.254581255
0.301438019
0.306054647
0.334789386
0.265457557
0.215900005
0.187787701
