Valor Objetivo:486.0
Runtime:900.6469616889954
Gap:0.00823045267489712
1_1_1_1_16_1.0
3_1_1_1_32_1.0
4_1_1_1_80_1.0
5_1_1_1_19_1.0
9_1_1_1_37_1.0
10_1_1_1_49_1.0
score_s_1_1_1_61.0
14_2_1_1_30_1.0
15_2_1_1_8_1.0
16_2_1_1_4_1.0
17_2_1_1_70_1.0
20_2_1_1_43_1.0
21_2_1_1_38_1.0
score_s_2_1_1_64.0
24_3_2_1_21_1.0
25_3_2_1_5_1.0
26_3_2_1_42_1.0
27_3_2_1_39_1.0
30_3_2_1_6_1.0
31_3_2_1_26_1.0
32_3_2_1_69_1.0
score_s_3_2_1_72.0
34_4_2_1_33_1.0
36_4_2_1_14_1.0
37_4_2_1_1_1.0
38_4_2_1_11_1.0
44_4_2_1_10_1.0
score_s_4_2_1_60.0
46_5_3_2_25_1.0
49_5_3_2_15_1.0
51_5_3_2_73_1.0
53_5_3_2_29_1.0
score_s_5_3_2_48.0
56_6_3_2_18_1.0
59_6_3_2_44_1.0
60_6_3_2_22_1.0
61_6_3_2_9_1.0
62_6_3_2_40_1.0
65_6_3_2_27_1.0
66_6_3_2_2_1.0
score_s_6_3_2_65.0
70_7_4_2_3_1.0
71_7_4_2_17_1.0
72_7_4_2_28_1.0
73_7_4_2_23_1.0
74_7_4_2_7_1.0
76_7_4_2_34_1.0
77_7_4_2_31_1.0
score_s_7_4_2_68.0
78_8_4_2_24_1.0
79_8_4_2_20_1.0
80_8_4_2_13_1.0
88_8_4_2_12_1.0
score_s_8_4_2_48.0
DURACION
7.0
3.0
9.0
15.0
7.0
8.0
9.0
10.0
12.0
15.0
5.0
11.0
4.0
5.0
6.0
9.0
6.0
11.0
6.0
14.0
9.0
15.0
13.0
13.0
6.0
9.0
9.0
9.0
13.0
12.0
3.0
15.0
3.0
8.0
11.0
7.0
13.0
9.0
4.0
10.0
3.0
9.0
6.0
9.0
10.0
12.0
10.0
10.0
9.0
15.0
14.0
7.0
15.0
5.0
9.0
11.0
9.0
6.0
3.0
9.0
9.0
6.0
15.0
5.0
3.0
4.0
9.0
12.0
3.0
8.0
10.0
14.0
4.0
3.0
11.0
3.0
12.0
9.0
14.0
4.0
6.0
13.0
7.0
11.0
14.0
15.0
12.0
4.0
VALOR
9.0
9.0
9.0
11.0
9.0
9.0
9.0
15.0
12.0
11.0
9.0
10.0
9.0
9.0
9.0
13.0
9.0
13.0
9.0
15.0
11.0
15.0
11.0
14.0
9.0
9.0
13.0
9.0
14.0
12.0
9.0
14.0
9.0
9.0
14.0
9.0
11.0
9.0
9.0
11.0
9.0
9.0
9.0
11.0
14.0
12.0
12.0
14.0
9.0
15.0
12.0
9.0
13.0
9.0
9.0
11.0
9.0
9.0
9.0
9.0
14.0
9.0
13.0
9.0
9.0
9.0
10.0
15.0
9.0
9.0
14.0
13.0
9.0
9.0
13.0
9.0
13.0
9.0
15.0
9.0
9.0
13.0
9.0
15.0
10.0
13.0
11.0
9.0
ESTRES
0.487640876
0.359850595
0.398780814
0.350256705
0.441156069
0.389947124
0.472763744
0.386156095
0.422280414
0.406264929
0.386244619
0.480625359
0.370543286
0.423863716
0.388318868
0.350591706
0.434248266
0.467223304
0.37817315
0.412206636
0.461025417
0.382129247
0.425728822
0.438437993
0.366167831
0.388207368
0.350305575
0.40412871
0.374868394
0.39801666
0.359016653
0.481676686
0.400105723
0.368337318
0.499453405
0.478733997
0.415344426
0.455457533
0.37430859
0.410546611
0.490684385
0.357217182
0.383997395
0.389621631
0.441107621
0.44520057
0.436577397
0.493043414
0.38368727
0.454975827
0.435202762
0.461940106
0.405494254
0.422553414
0.437175013
0.389393703
0.42728268
0.47992519
0.475843368
0.499240974
0.394841747
0.456122684
0.438931645
0.469208102
0.48342737
0.483074725
0.415435459
0.495529608
0.353448517
0.359339001
0.497756071
0.481472589
0.351016265
0.391326231
0.470910532
0.450973283
0.355950517
0.461337969
0.442742433
0.370907162
0.400684372
0.493232591
0.389579122
0.460568209
0.419932106
0.417336008
0.411577094
0.47915633
