Valor Objetivo:762.0
Runtime:900.7707996368408
Gap:0.0026246719160104987
1_1_1_1_10_1.0
2_1_1_1_82_1.0
3_1_1_1_14_1.0
4_1_1_1_60_1.0
5_1_1_1_20_1.0
6_1_1_1_80_1.0
9_1_1_1_44_1.0
10_1_1_1_86_1.0
11_1_1_1_51_1.0
score_s_1_1_1_96.0
12_2_1_1_81_1.0
14_2_1_1_77_1.0
15_2_1_1_83_1.0
16_2_1_1_50_1.0
17_2_1_1_49_1.0
18_2_1_1_67_1.0
20_2_1_1_27_1.0
21_2_1_1_25_1.0
22_2_1_1_11_1.0
score_s_2_1_1_98.0
24_3_2_1_9_1.0
25_3_2_1_68_1.0
26_3_2_1_59_1.0
27_3_2_1_24_1.0
28_3_2_1_84_1.0
29_3_2_1_85_1.0
30_3_2_1_7_1.0
31_3_2_1_74_1.0
32_3_2_1_15_1.0
33_3_2_1_4_1.0
score_s_3_2_1_99.0
34_4_2_1_64_1.0
35_4_2_1_58_1.0
36_4_2_1_72_1.0
37_4_2_1_37_1.0
38_4_2_1_61_1.0
39_4_2_1_62_1.0
43_4_2_1_70_1.0
44_4_2_1_73_1.0
score_s_4_2_1_97.0
45_5_3_2_55_1.0
46_5_3_2_46_1.0
49_5_3_2_42_1.0
50_5_3_2_33_1.0
51_5_3_2_88_1.0
53_5_3_2_30_1.0
54_5_3_2_78_1.0
55_5_3_2_19_1.0
score_s_5_3_2_89.0
56_6_3_2_13_1.0
57_6_3_2_35_1.0
58_6_3_2_22_1.0
59_6_3_2_69_1.0
60_6_3_2_52_1.0
61_6_3_2_21_1.0
62_6_3_2_53_1.0
63_6_3_2_43_1.0
66_6_3_2_45_1.0
score_s_6_3_2_92.0
69_7_4_2_2_1.0
70_7_4_2_31_1.0
71_7_4_2_3_1.0
72_7_4_2_26_1.0
73_7_4_2_6_1.0
74_7_4_2_40_1.0
75_7_4_2_17_1.0
76_7_4_2_76_1.0
77_7_4_2_48_1.0
score_s_7_4_2_98.0
78_8_4_2_71_1.0
79_8_4_2_23_1.0
80_8_4_2_41_1.0
82_8_4_2_47_1.0
83_8_4_2_1_1.0
84_8_4_2_75_1.0
86_8_4_2_63_1.0
88_8_4_2_79_1.0
score_s_8_4_2_93.0
DURACION
7.0
3.0
9.0
15.0
7.0
8.0
9.0
10.0
12.0
15.0
5.0
11.0
4.0
5.0
6.0
9.0
6.0
11.0
6.0
14.0
9.0
15.0
13.0
13.0
6.0
9.0
9.0
9.0
13.0
12.0
3.0
15.0
3.0
8.0
11.0
7.0
13.0
9.0
4.0
10.0
3.0
9.0
6.0
9.0
10.0
12.0
10.0
10.0
9.0
15.0
14.0
7.0
15.0
5.0
9.0
11.0
9.0
6.0
3.0
9.0
9.0
6.0
15.0
5.0
3.0
4.0
9.0
12.0
3.0
8.0
10.0
14.0
4.0
3.0
11.0
3.0
12.0
9.0
14.0
4.0
6.0
13.0
7.0
11.0
14.0
15.0
12.0
4.0
VALOR
9.0
9.0
9.0
11.0
9.0
9.0
9.0
15.0
12.0
11.0
9.0
10.0
9.0
9.0
9.0
13.0
9.0
13.0
9.0
15.0
11.0
15.0
11.0
14.0
9.0
9.0
13.0
9.0
14.0
12.0
9.0
14.0
9.0
9.0
14.0
9.0
11.0
9.0
9.0
11.0
9.0
9.0
9.0
11.0
14.0
12.0
12.0
14.0
9.0
15.0
12.0
9.0
13.0
9.0
9.0
11.0
9.0
9.0
9.0
9.0
14.0
9.0
13.0
9.0
9.0
9.0
10.0
15.0
9.0
9.0
14.0
13.0
9.0
9.0
13.0
9.0
13.0
9.0
15.0
9.0
9.0
13.0
9.0
15.0
10.0
13.0
11.0
9.0
ESTRES
0.223303275
0.153537785
0.223453541
0.144765141
0.283318029
0.257502024
0.211503047
0.280104087
0.221568161
0.048377634
0.088066889
0.323292543
0.143601482
0.145249345
0.270436989
0.253491643
0.197603432
0.277077144
0.055776614
0.069058694
0.180533612
0.138842839
0.050955409
0.238769929
0.189062857
0.216847813
0.19226089
0.273647889
0.279382146
0.075251039
0.189772646
0.321971295
0.055225017
0.330613984
0.152700965
0.280588675
0.009603312
0.306731753
0.307453948
0.220425052
0.03276358
0.037135406
0.155264576
0.165547593
0.147263687
0.054604709
0.039251196
0.270081531
0.167856093
0.098053969
0.097701698
0.171806611
0.184550181
0.314734988
0.097394771
0.270293936
0.280306794
0.094453635
0.205724688
0.168769318
0.073525743
0.039570474
0.093887002
0.128396357
0.326479237
0.267937043
0.090698047
0.219528931
0.185711532
0.048450547
0.102462657
0.07800076
0.071153716
0.20330439
0.015323458
0.258818004
0.159444197
0.096562733
0.066868573
0.134798667
0.148586184
0.102026752
0.122916933
0.177622871
0.203291337
0.154131975
0.275062864
0.161500915
