Valor Objetivo:570.0
Runtime:900.9124825000763
Gap:0.010526315789473684
1_1_1_1_28_1.0
3_1_1_1_12_1.0
4_1_1_1_22_1.0
5_1_1_1_84_1.0
8_1_1_1_26_1.0
9_1_1_1_88_1.0
10_1_1_1_66_1.0
score_s_1_1_1_70.0
14_2_1_1_58_1.0
15_2_1_1_38_1.0
16_2_1_1_4_1.0
17_2_1_1_31_1.0
20_2_1_1_51_1.0
21_2_1_1_21_1.0
22_2_1_1_13_1.0
score_s_2_1_1_75.0
24_3_2_1_49_1.0
25_3_2_1_6_1.0
26_3_2_1_82_1.0
27_3_2_1_19_1.0
29_3_2_1_73_1.0
30_3_2_1_8_1.0
31_3_2_1_56_1.0
32_3_2_1_65_1.0
score_s_3_2_1_81.0
34_4_2_1_14_1.0
37_4_2_1_2_1.0
38_4_2_1_16_1.0
43_4_2_1_11_1.0
44_4_2_1_55_1.0
score_s_4_2_1_64.0
46_5_3_2_81_1.0
49_5_3_2_48_1.0
51_5_3_2_75_1.0
53_5_3_2_39_1.0
54_5_3_2_60_1.0
score_s_5_3_2_59.0
56_6_3_2_78_1.0
57_6_3_2_9_1.0
59_6_3_2_46_1.0
60_6_3_2_47_1.0
61_6_3_2_20_1.0
62_6_3_2_33_1.0
63_6_3_2_36_1.0
65_6_3_2_63_1.0
score_s_6_3_2_78.0
67_7_4_2_54_1.0
70_7_4_2_3_1.0
71_7_4_2_7_1.0
72_7_4_2_52_1.0
73_7_4_2_35_1.0
74_7_4_2_10_1.0
76_7_4_2_1_1.0
77_7_4_2_71_1.0
score_s_7_4_2_82.0
79_8_4_2_25_1.0
80_8_4_2_15_1.0
83_8_4_2_29_1.0
85_8_4_2_5_1.0
88_8_4_2_18_1.0
score_s_8_4_2_61.0
DURACION
7.0
3.0
9.0
15.0
7.0
8.0
9.0
10.0
12.0
15.0
5.0
11.0
4.0
5.0
6.0
9.0
6.0
11.0
6.0
14.0
9.0
15.0
13.0
13.0
6.0
9.0
9.0
9.0
13.0
12.0
3.0
15.0
3.0
8.0
11.0
7.0
13.0
9.0
4.0
10.0
3.0
9.0
6.0
9.0
10.0
12.0
10.0
10.0
9.0
15.0
14.0
7.0
15.0
5.0
9.0
11.0
9.0
6.0
3.0
9.0
9.0
6.0
15.0
5.0
3.0
4.0
9.0
12.0
3.0
8.0
10.0
14.0
4.0
3.0
11.0
3.0
12.0
9.0
14.0
4.0
6.0
13.0
7.0
11.0
14.0
15.0
12.0
4.0
VALOR
9.0
9.0
9.0
11.0
9.0
9.0
9.0
15.0
12.0
11.0
9.0
10.0
9.0
9.0
9.0
13.0
9.0
13.0
9.0
15.0
11.0
15.0
11.0
14.0
9.0
9.0
13.0
9.0
14.0
12.0
9.0
14.0
9.0
9.0
14.0
9.0
11.0
9.0
9.0
11.0
9.0
9.0
9.0
11.0
14.0
12.0
12.0
14.0
9.0
15.0
12.0
9.0
13.0
9.0
9.0
11.0
9.0
9.0
9.0
9.0
14.0
9.0
13.0
9.0
9.0
9.0
10.0
15.0
9.0
9.0
14.0
13.0
9.0
9.0
13.0
9.0
13.0
9.0
15.0
9.0
9.0
13.0
9.0
15.0
10.0
13.0
11.0
9.0
ESTRES
0.091585397
0.415555404
0.110342924
0.063462183
0.083031586
0.246661896
0.447497181
0.152544749
0.006310906
0.126353567
0.254580362
0.427058057
0.199135591
0.35660144
0.023652487
0.16523242
0.415834223
0.063301139
0.30054683
0.098696632
0.285966217
0.307149086
0.439083853
0.300630924
0.217568498
0.150825798
0.37187499
0.109638222
0.211315585
0.295779913
0.240473467
0.408294049
0.218176774
0.328327858
0.168989343
0.016674187
0.46378266
0.037603277
0.079582464
0.248894822
0.406549695
0.305407594
0.251996162
0.260406025
0.264775771
0.188022512
0.114719594
0.063122996
0.194770969
0.431635193
0.193067033
0.153156198
0.281992461
0.016458128
0.035759439
0.150181994
0.254012114
0.146016791
0.359737686
0.079140557
0.33265219
0.274655729
0.092411897
0.333766343
0.189496405
0.15736031
0.302433824
0.250969675
0.412981169
0.282557876
0.086924353
0.45350707
0.126551034
0.304620205
0.183180963
0.210512722
0.400497741
0.135638235
0.305228257
0.301410468
0.047524896
0.13573367
0.260381989
0.038289837
0.277571322
0.404603763
0.257450295
0.166127927
