Valor Objetivo:555.0
Runtime:901.2718124389648
Gap:0.005405405405405406
1_1_1_1_85_1.0
3_1_1_1_33_1.0
4_1_1_1_30_1.0
5_1_1_1_82_1.0
6_1_1_1_63_1.0
9_1_1_1_9_1.0
10_1_1_1_43_1.0
score_s_1_1_1_70.0
14_2_1_1_7_1.0
15_2_1_1_75_1.0
16_2_1_1_65_1.0
17_2_1_1_6_1.0
20_2_1_1_10_1.0
21_2_1_1_8_1.0
22_2_1_1_66_1.0
score_s_2_1_1_75.0
24_3_2_1_36_1.0
25_3_2_1_60_1.0
26_3_2_1_83_1.0
27_3_2_1_39_1.0
29_3_2_1_71_1.0
30_3_2_1_67_1.0
31_3_2_1_69_1.0
32_3_2_1_45_1.0
score_s_3_2_1_81.0
34_4_2_1_31_1.0
36_4_2_1_15_1.0
37_4_2_1_2_1.0
38_4_2_1_32_1.0
44_4_2_1_11_1.0
score_s_4_2_1_60.0
46_5_3_2_61_1.0
49_5_3_2_73_1.0
51_5_3_2_50_1.0
53_5_3_2_86_1.0
54_5_3_2_70_1.0
score_s_5_3_2_59.0
56_6_3_2_62_1.0
57_6_3_2_84_1.0
59_6_3_2_88_1.0
61_6_3_2_5_1.0
62_6_3_2_37_1.0
63_6_3_2_3_1.0
66_6_3_2_64_1.0
score_s_6_3_2_71.0
67_7_4_2_77_1.0
70_7_4_2_1_1.0
71_7_4_2_81_1.0
72_7_4_2_76_1.0
73_7_4_2_79_1.0
74_7_4_2_4_1.0
76_7_4_2_80_1.0
77_7_4_2_87_1.0
score_s_7_4_2_82.0
78_8_4_2_41_1.0
79_8_4_2_68_1.0
80_8_4_2_72_1.0
86_8_4_2_74_1.0
88_8_4_2_78_1.0
score_s_8_4_2_57.0
DURACION
7.0
3.0
9.0
15.0
7.0
8.0
9.0
10.0
12.0
15.0
5.0
11.0
4.0
5.0
6.0
9.0
6.0
11.0
6.0
14.0
9.0
15.0
13.0
13.0
6.0
9.0
9.0
9.0
13.0
12.0
3.0
15.0
3.0
8.0
11.0
7.0
13.0
9.0
4.0
10.0
3.0
9.0
6.0
9.0
10.0
12.0
10.0
10.0
9.0
15.0
14.0
7.0
15.0
5.0
9.0
11.0
9.0
6.0
3.0
9.0
9.0
6.0
15.0
5.0
3.0
4.0
9.0
12.0
3.0
8.0
10.0
14.0
4.0
3.0
11.0
3.0
12.0
9.0
14.0
4.0
6.0
13.0
7.0
11.0
14.0
15.0
12.0
4.0
VALOR
9.0
9.0
9.0
11.0
9.0
9.0
9.0
15.0
12.0
11.0
9.0
10.0
9.0
9.0
9.0
13.0
9.0
13.0
9.0
15.0
11.0
15.0
11.0
14.0
9.0
9.0
13.0
9.0
14.0
12.0
9.0
14.0
9.0
9.0
14.0
9.0
11.0
9.0
9.0
11.0
9.0
9.0
9.0
11.0
14.0
12.0
12.0
14.0
9.0
15.0
12.0
9.0
13.0
9.0
9.0
11.0
9.0
9.0
9.0
9.0
14.0
9.0
13.0
9.0
9.0
9.0
10.0
15.0
9.0
9.0
14.0
13.0
9.0
9.0
13.0
9.0
13.0
9.0
15.0
9.0
9.0
13.0
9.0
15.0
10.0
13.0
11.0
9.0
ESTRES
0.379281706
0.415369034
0.436191434
0.394680244
0.455437398
0.488063096
0.35104891
0.482764464
0.467961993
0.3899042
0.354426741
0.490295297
0.443438493
0.494907563
0.371290033
0.368647833
0.478550665
0.392364263
0.486770226
0.469081688
0.370030742
0.374934472
0.472557862
0.456528373
0.48853276
0.467153151
0.356310932
0.466462861
0.3798016
0.250954154
0.260113447
0.190636876
0.245204901
0.335654423
0.329685016
0.211324544
0.217185159
0.330482659
0.187184238
0.336722955
0.170028611
0.327563361
0.21147882
0.249568289
0.200587662
0.263669733
0.324502398
0.29696368
0.304170344
0.207251325
0.310648894
0.238881423
0.268739242
0.293794353
0.213601884
0.217336829
0.259148336
0.265643216
0.228568901
0.07511874
0.075669795
0.124809431
0.134917229
0.034364163
0.016266519
0.025022596
0.04900791
0.11861336
0.125899241
0.107243137
0.113707787
0.033320816
0.034711691
0.123568717
0.022955707
0.112835804
0.029027929
0.087459628
0.086732065
0.142673144
0.078277252
0.101537288
0.131862242
0.039271425
0.101381774
0.078196028
0.069123866
0.140604145
