Valor Objetivo:582.0
Runtime:900.7646644115448
Gap:0.010309278350515464
1_1_1_1_24_1.0
3_1_1_1_56_1.0
4_1_1_1_46_1.0
5_1_1_1_27_1.0
6_1_1_1_42_1.0
9_1_1_1_50_1.0
10_1_1_1_36_1.0
score_s_1_1_1_70.0
14_2_1_1_41_1.0
15_2_1_1_28_1.0
16_2_1_1_10_1.0
17_2_1_1_35_1.0
20_2_1_1_51_1.0
21_2_1_1_37_1.0
22_2_1_1_13_1.0
score_s_2_1_1_75.0
24_3_2_1_30_1.0
25_3_2_1_15_1.0
26_3_2_1_52_1.0
27_3_2_1_33_1.0
30_3_2_1_17_1.0
31_3_2_1_40_1.0
32_3_2_1_34_1.0
33_3_2_1_11_1.0
score_s_3_2_1_81.0
34_4_2_1_39_1.0
35_4_2_1_57_1.0
36_4_2_1_20_1.0
38_4_2_1_22_1.0
39_4_2_1_6_1.0
44_4_2_1_23_1.0
score_s_4_2_1_69.0
46_5_3_2_14_1.0
49_5_3_2_38_1.0
50_5_3_2_5_1.0
51_5_3_2_45_1.0
53_5_3_2_12_1.0
score_s_5_3_2_60.0
56_6_3_2_58_1.0
57_6_3_2_16_1.0
59_6_3_2_43_1.0
60_6_3_2_29_1.0
61_6_3_2_25_1.0
62_6_3_2_54_1.0
65_6_3_2_19_1.0
66_6_3_2_3_1.0
score_s_6_3_2_76.0
67_7_4_2_1_1.0
69_7_4_2_2_1.0
70_7_4_2_4_1.0
71_7_4_2_8_1.0
72_7_4_2_31_1.0
73_7_4_2_48_1.0
76_7_4_2_55_1.0
77_7_4_2_26_1.0
score_s_7_4_2_88.0
78_8_4_2_32_1.0
79_8_4_2_18_1.0
80_8_4_2_9_1.0
84_8_4_2_7_1.0
88_8_4_2_21_1.0
score_s_8_4_2_63.0
DURACION
7.0
3.0
9.0
15.0
7.0
8.0
9.0
10.0
12.0
15.0
5.0
11.0
4.0
5.0
6.0
9.0
6.0
11.0
6.0
14.0
9.0
15.0
13.0
13.0
6.0
9.0
9.0
9.0
13.0
12.0
3.0
15.0
3.0
8.0
11.0
7.0
13.0
9.0
4.0
10.0
3.0
9.0
6.0
9.0
10.0
12.0
10.0
10.0
9.0
15.0
14.0
7.0
15.0
5.0
9.0
11.0
9.0
6.0
3.0
9.0
9.0
6.0
15.0
5.0
3.0
4.0
9.0
12.0
3.0
8.0
10.0
14.0
4.0
3.0
11.0
3.0
12.0
9.0
14.0
4.0
6.0
13.0
7.0
11.0
14.0
15.0
12.0
4.0
VALOR
9.0
9.0
9.0
11.0
9.0
9.0
9.0
15.0
12.0
11.0
9.0
10.0
9.0
9.0
9.0
13.0
9.0
13.0
9.0
15.0
11.0
15.0
11.0
14.0
9.0
9.0
13.0
9.0
14.0
12.0
9.0
14.0
9.0
9.0
14.0
9.0
11.0
9.0
9.0
11.0
9.0
9.0
9.0
11.0
14.0
12.0
12.0
14.0
9.0
15.0
12.0
9.0
13.0
9.0
9.0
11.0
9.0
9.0
9.0
9.0
14.0
9.0
13.0
9.0
9.0
9.0
10.0
15.0
9.0
9.0
14.0
13.0
9.0
9.0
13.0
9.0
13.0
9.0
15.0
9.0
9.0
13.0
9.0
15.0
10.0
13.0
11.0
9.0
ESTRES
0.133554224
0.024592201
0.029741797
0.037613779
0.13149758
0.008555963
0.005129038
0.08378159
0.017199315
0.009896109
0.044343264
0.068436694
0.062095248
0.054136142
0.028146145
0.018209162
0.035490865
0.125934684
0.106953354
0.023583773
0.046749661
0.014168547
0.007493267
0.063118373
0.118098788
0.083750241
0.028197995
0.024552812
0.088190837
0.25066505
0.259967122
0.190755895
0.220995117
0.274922169
0.283098976
0.284204195
0.2992433
0.173075659
0.216107969
0.200337678
0.221320632
0.307521117
0.23676259
0.279649886
0.311137907
0.308667821
0.32612584
0.180713797
0.321105095
0.268517825
0.235944361
0.180466404
0.323550511
0.218994059
0.182637195
0.282128552
0.163191866
0.162036351
0.318622605
0.466074883
0.403684374
0.35420145
0.396785616
0.440292005
0.370322202
0.401568559
0.374074907
0.355425391
0.436379262
0.359470763
0.491114391
0.43229494
0.477243705
0.354792713
0.408333912
0.422043071
0.391167572
0.406798623
0.45794574
0.381654571
0.497193383
0.459323212
0.429095188
0.446656621
0.48334201
0.406756633
0.445208157
0.358714179
