Valor Objetivo:586.0
Runtime:901.2588307857513
Gap:0.011945392491467578
3_1_1_1_27_1.0
4_1_1_1_84_1.0
5_1_1_1_59_1.0
6_1_1_1_42_1.0
9_1_1_1_32_1.0
10_1_1_1_72_1.0
11_1_1_1_31_1.0
score_s_1_1_1_72.0
14_2_1_1_17_1.0
15_2_1_1_50_1.0
16_2_1_1_10_1.0
17_2_1_1_20_1.0
20_2_1_1_53_1.0
21_2_1_1_69_1.0
22_2_1_1_14_1.0
score_s_2_1_1_75.0
24_3_2_1_57_1.0
25_3_2_1_86_1.0
26_3_2_1_65_1.0
27_3_2_1_35_1.0
30_3_2_1_11_1.0
31_3_2_1_29_1.0
32_3_2_1_73_1.0
33_3_2_1_55_1.0
score_s_3_2_1_81.0
34_4_2_1_70_1.0
35_4_2_1_77_1.0
36_4_2_1_16_1.0
38_4_2_1_39_1.0
39_4_2_1_6_1.0
44_4_2_1_13_1.0
score_s_4_2_1_69.0
46_5_3_2_25_1.0
49_5_3_2_38_1.0
50_5_3_2_5_1.0
51_5_3_2_74_1.0
53_5_3_2_8_1.0
score_s_5_3_2_60.0
56_6_3_2_51_1.0
57_6_3_2_26_1.0
59_6_3_2_75_1.0
60_6_3_2_60_1.0
61_6_3_2_7_1.0
62_6_3_2_87_1.0
65_6_3_2_18_1.0
66_6_3_2_3_1.0
score_s_6_3_2_76.0
67_7_4_2_1_1.0
69_7_4_2_2_1.0
70_7_4_2_15_1.0
71_7_4_2_45_1.0
72_7_4_2_47_1.0
73_7_4_2_34_1.0
76_7_4_2_12_1.0
77_7_4_2_48_1.0
score_s_7_4_2_88.0
78_8_4_2_43_1.0
79_8_4_2_24_1.0
83_8_4_2_9_1.0
85_8_4_2_4_1.0
86_8_4_2_82_1.0
88_8_4_2_49_1.0
score_s_8_4_2_65.0
DURACION
7.0
3.0
9.0
15.0
7.0
8.0
9.0
10.0
12.0
15.0
5.0
11.0
4.0
5.0
6.0
9.0
6.0
11.0
6.0
14.0
9.0
15.0
13.0
13.0
6.0
9.0
9.0
9.0
13.0
12.0
3.0
15.0
3.0
8.0
11.0
7.0
13.0
9.0
4.0
10.0
3.0
9.0
6.0
9.0
10.0
12.0
10.0
10.0
9.0
15.0
14.0
7.0
15.0
5.0
9.0
11.0
9.0
6.0
3.0
9.0
9.0
6.0
15.0
5.0
3.0
4.0
9.0
12.0
3.0
8.0
10.0
14.0
4.0
3.0
11.0
3.0
12.0
9.0
14.0
4.0
6.0
13.0
7.0
11.0
14.0
15.0
12.0
4.0
VALOR
9.0
9.0
9.0
11.0
9.0
9.0
9.0
15.0
12.0
11.0
9.0
10.0
9.0
9.0
9.0
13.0
9.0
13.0
9.0
15.0
11.0
15.0
11.0
14.0
9.0
9.0
13.0
9.0
14.0
12.0
9.0
14.0
9.0
9.0
14.0
9.0
11.0
9.0
9.0
11.0
9.0
9.0
9.0
11.0
14.0
12.0
12.0
14.0
9.0
15.0
12.0
9.0
13.0
9.0
9.0
11.0
9.0
9.0
9.0
9.0
14.0
9.0
13.0
9.0
9.0
9.0
10.0
15.0
9.0
9.0
14.0
13.0
9.0
9.0
13.0
9.0
13.0
9.0
15.0
9.0
9.0
13.0
9.0
15.0
10.0
13.0
11.0
9.0
ESTRES
0.025022638
0.078506443
0.321713246
0.04367093
0.29426366
0.014185812
0.283677848
0.187487106
0.072426281
0.032006862
0.164600907
0.255967022
0.086793364
0.143634779
0.03632199
0.062855893
0.224358698
0.098153105
0.334756234
0.244019517
0.338422338
0.314747989
0.266650902
0.023671163
0.095448102
0.028865373
0.217933148
0.336291187
0.14552317
0.31900329
0.05101756
0.193118473
0.31960974
0.105542954
0.148787933
0.236569488
0.274501422
0.090195217
0.015212784
0.334804189
0.322925751
0.120210127
0.083715873
0.336442673
0.074972795
0.258072874
0.099475347
0.073163991
0.01872346
0.02422509
0.093319766
0.327862265
0.168491539
0.300022579
0.054183469
0.215349558
0.120503236
0.27359206
0.077975472
0.072866365
0.252740991
0.238126108
0.256172612
0.290886892
0.105822386
0.200346107
0.264865154
0.244791204
0.166857227
0.121439449
0.304152363
0.120278009
0.125806725
0.139230369
0.117028688
0.243836802
0.078696667
0.266886164
0.197429001
0.290756201
0.307406418
0.008555361
0.239862399
0.155844282
0.280751543
0.010430357
0.108719648
0.203370333
