Valor Objetivo:452.0
Runtime:0.0857694149017334
Gap:0.0
1_1_1_1_1.0
2_1_1_1_1.0
3_1_1_1_1.0
5_1_1_1_1.0
7_1_1_1_1.0
9_1_1_1_1.0
11_1_1_1_1.0
13_2_1_1_1.0
14_2_1_1_1.0
15_2_1_1_1.0
16_2_1_1_1.0
17_2_1_1_1.0
18_2_1_1_1.0
19_2_1_1_1.0
21_2_1_1_1.0
22_2_1_1_1.0
24_3_2_1_1.0
26_3_2_1_1.0
27_3_2_1_1.0
28_3_2_1_1.0
29_3_2_1_1.0
32_3_2_1_1.0
35_4_2_1_1.0
36_4_2_1_1.0
37_4_2_1_1.0
40_4_2_1_1.0
41_4_2_1_1.0
42_4_2_1_1.0
43_4_2_1_1.0
44_4_2_1_1.0
45_5_3_2_1.0
46_5_3_2_1.0
49_5_3_2_1.0
50_5_3_2_1.0
51_5_3_2_1.0
52_5_3_2_1.0
53_5_3_2_1.0
55_5_3_2_1.0
56_6_3_2_1.0
59_6_3_2_1.0
60_6_3_2_1.0
61_6_3_2_1.0
62_6_3_2_1.0
64_6_3_2_1.0
65_6_3_2_1.0
70_7_4_2_1.0
71_7_4_2_1.0
72_7_4_2_1.0
73_7_4_2_1.0
74_7_4_2_1.0
75_7_4_2_1.0
77_7_4_2_1.0
79_8_4_2_1.0
80_8_4_2_1.0
81_8_4_2_1.0
82_8_4_2_1.0
83_8_4_2_1.0
85_8_4_2_1.0
score_s_1_1_1_76.0
score_s_2_1_1_81.0
score_s_3_2_1_75.0
score_s_4_2_1_75.0
score_s_5_3_2_76.0
score_s_6_3_2_75.0
score_s_7_4_2_75.0
score_s_8_4_2_75.0
DURACION
9.0
6.0
14.0
14.0
7.0
13.0
6.0
9.0
8.0
15.0
11.0
10.0
3.0
7.0
9.0
4.0
9.0
5.0
5.0
14.0
8.0
9.0
11.0
13.0
9.0
14.0
12.0
3.0
9.0
10.0
8.0
3.0
13.0
15.0
9.0
8.0
7.0
14.0
13.0
5.0
4.0
13.0
7.0
9.0
5.0
4.0
13.0
12.0
9.0
5.0
14.0
3.0
3.0
13.0
9.0
7.0
8.0
9.0
4.0
13.0
12.0
3.0
15.0
4.0
5.0
10.0
8.0
11.0
7.0
9.0
6.0
5.0
5.0
3.0
15.0
9.0
5.0
15.0
13.0
14.0
10.0
10.0
12.0
12.0
9.0
6.0
9.0
13.0
VALOR
11.0
9.0
15.0
14.0
9.0
13.0
9.0
9.0
9.0
15.0
14.0
9.0
9.0
9.0
9.0
9.0
9.0
9.0
9.0
9.0
9.0
9.0
10.0
15.0
9.0
15.0
15.0
9.0
12.0
9.0
9.0
9.0
12.0
13.0
9.0
9.0
9.0
10.0
11.0
9.0
9.0
12.0
9.0
9.0
9.0
9.0
10.0
11.0
9.0
9.0
13.0
9.0
9.0
11.0
9.0
9.0
9.0
9.0
9.0
15.0
15.0
9.0
14.0
9.0
9.0
9.0
9.0
10.0
9.0
15.0
9.0
9.0
9.0
9.0
15.0
9.0
9.0
12.0
13.0
13.0
14.0
11.0
12.0
12.0
12.0
9.0
10.0
10.0
