Valor Objetivo:384.0
Runtime:0.09475064277648926
Gap:0.0
3_1_1_1_1.0
4_1_1_1_1.0
5_1_1_1_1.0
6_1_1_1_1.0
7_1_1_1_1.0
9_1_1_1_1.0
10_1_1_1_1.0
11_1_1_1_1.0
12_2_1_1_1.0
13_2_1_1_1.0
16_2_1_1_1.0
17_2_1_1_1.0
18_2_1_1_1.0
20_2_1_1_1.0
22_2_1_1_1.0
23_3_2_1_1.0
24_3_2_1_1.0
26_3_2_1_1.0
27_3_2_1_1.0
28_3_2_1_1.0
30_3_2_1_1.0
31_3_2_1_1.0
34_4_2_1_1.0
36_4_2_1_1.0
37_4_2_1_1.0
38_4_2_1_1.0
40_4_2_1_1.0
41_4_2_1_1.0
44_4_2_1_1.0
45_5_3_2_1.0
47_5_3_2_1.0
48_5_3_2_1.0
49_5_3_2_1.0
50_5_3_2_1.0
51_5_3_2_1.0
55_5_3_2_1.0
56_6_3_2_1.0
57_6_3_2_1.0
60_6_3_2_1.0
62_6_3_2_1.0
64_6_3_2_1.0
65_6_3_2_1.0
67_7_4_2_1.0
68_7_4_2_1.0
69_7_4_2_1.0
70_7_4_2_1.0
72_7_4_2_1.0
73_7_4_2_1.0
76_7_4_2_1.0
77_7_4_2_1.0
78_8_4_2_1.0
79_8_4_2_1.0
83_8_4_2_1.0
84_8_4_2_1.0
85_8_4_2_1.0
86_8_4_2_1.0
87_8_4_2_1.0
score_s_1_1_1_72.0
score_s_2_1_1_71.0
score_s_3_2_1_71.0
score_s_4_2_1_70.0
score_s_5_3_2_71.0
score_s_6_3_2_70.0
score_s_7_4_2_72.0
score_s_8_4_2_70.0
DURACION
14.0
9.0
8.0
8.0
8.0
3.0
6.0
8.0
6.0
3.0
3.0
10.0
4.0
6.0
9.0
13.0
6.0
3.0
8.0
5.0
15.0
3.0
3.0
4.0
10.0
10.0
11.0
9.0
15.0
7.0
5.0
11.0
11.0
14.0
9.0
10.0
4.0
5.0
11.0
9.0
9.0
12.0
11.0
8.0
8.0
13.0
9.0
11.0
8.0
4.0
9.0
14.0
10.0
11.0
11.0
4.0
9.0
14.0
8.0
6.0
6.0
11.0
9.0
5.0
9.0
13.0
3.0
3.0
4.0
6.0
12.0
4.0
3.0
9.0
9.0
3.0
9.0
11.0
5.0
14.0
12.0
15.0
10.0
3.0
8.0
7.0
4.0
11.0
VALOR
13.0
9.0
9.0
9.0
9.0
9.0
9.0
9.0
9.0
9.0
9.0
14.0
9.0
9.0
9.0
12.0
9.0
9.0
9.0
9.0
9.0
9.0
9.0
9.0
10.0
12.0
14.0
9.0
9.0
9.0
9.0
9.0
12.0
14.0
9.0
10.0
9.0
9.0
10.0
9.0
10.0
10.0
15.0
9.0
9.0
11.0
9.0
12.0
9.0
9.0
10.0
13.0
9.0
9.0
13.0
9.0
14.0
11.0
9.0
9.0
9.0
15.0
9.0
9.0
14.0
10.0
9.0
9.0
9.0
9.0
12.0
9.0
9.0
9.0
9.0
9.0
9.0
13.0
9.0
12.0
12.0
10.0
12.0
9.0
9.0
9.0
9.0
14.0
