Valor Objetivo:427.0
Runtime:0.08776473999023438
Gap:0.0
4_1_1_1_1.0
5_1_1_1_1.0
7_1_1_1_1.0
8_1_1_1_1.0
9_1_1_1_1.0
10_1_1_1_1.0
13_2_1_1_1.0
15_2_1_1_1.0
16_2_1_1_1.0
17_2_1_1_1.0
19_2_1_1_1.0
21_2_1_1_1.0
22_2_1_1_1.0
23_3_2_1_1.0
24_3_2_1_1.0
26_3_2_1_1.0
27_3_2_1_1.0
28_3_2_1_1.0
31_3_2_1_1.0
32_3_2_1_1.0
35_4_2_1_1.0
37_4_2_1_1.0
38_4_2_1_1.0
40_4_2_1_1.0
41_4_2_1_1.0
42_4_2_1_1.0
43_4_2_1_1.0
45_5_3_2_1.0
46_5_3_2_1.0
47_5_3_2_1.0
50_5_3_2_1.0
51_5_3_2_1.0
52_5_3_2_1.0
55_5_3_2_1.0
56_6_3_2_1.0
57_6_3_2_1.0
59_6_3_2_1.0
60_6_3_2_1.0
61_6_3_2_1.0
63_6_3_2_1.0
65_6_3_2_1.0
67_7_4_2_1.0
68_7_4_2_1.0
69_7_4_2_1.0
70_7_4_2_1.0
71_7_4_2_1.0
72_7_4_2_1.0
76_7_4_2_1.0
78_8_4_2_1.0
79_8_4_2_1.0
82_8_4_2_1.0
83_8_4_2_1.0
85_8_4_2_1.0
88_8_4_2_1.0
score_s_1_1_1_70.0
score_s_2_1_1_71.0
score_s_3_2_1_70.0
score_s_4_2_1_70.0
score_s_5_3_2_73.0
score_s_6_3_2_72.0
score_s_7_4_2_73.0
score_s_8_4_2_70.0
DURACION
9.0
11.0
9.0
11.0
10.0
9.0
5.0
10.0
4.0
12.0
11.0
7.0
5.0
8.0
10.0
5.0
4.0
7.0
7.0
14.0
5.0
9.0
5.0
3.0
15.0
11.0
10.0
6.0
8.0
9.0
7.0
4.0
13.0
12.0
9.0
9.0
3.0
8.0
14.0
6.0
9.0
15.0
5.0
4.0
10.0
4.0
4.0
10.0
13.0
8.0
3.0
9.0
13.0
14.0
11.0
6.0
5.0
5.0
6.0
5.0
7.0
14.0
14.0
9.0
10.0
8.0
13.0
7.0
9.0
9.0
6.0
4.0
12.0
15.0
12.0
13.0
9.0
7.0
11.0
14.0
13.0
14.0
12.0
9.0
9.0
13.0
15.0
13.0
VALOR
9.0
10.0
9.0
14.0
14.0
9.0
9.0
13.0
9.0
11.0
9.0
9.0
9.0
9.0
11.0
9.0
9.0
9.0
9.0
12.0
9.0
15.0
9.0
9.0
9.0
12.0
13.0
9.0
9.0
9.0
9.0
9.0
9.0
15.0
9.0
9.0
9.0
9.0
14.0
9.0
11.0
14.0
9.0
9.0
15.0
9.0
9.0
12.0
14.0
9.0
9.0
9.0
12.0
9.0
13.0
9.0
9.0
9.0
9.0
9.0
9.0
9.0
14.0
9.0
13.0
9.0
14.0
9.0
9.0
9.0
9.0
9.0
10.0
13.0
12.0
14.0
9.0
9.0
12.0
12.0
10.0
13.0
12.0
9.0
10.0
9.0
13.0
14.0
