Valor Objetivo:470.0
Runtime:0.14162063598632812
Gap:0.0
3_1_1_1_1.0
4_1_1_1_1.0
7_1_1_1_1.0
8_1_1_1_1.0
9_1_1_1_1.0
10_1_1_1_1.0
11_1_1_1_1.0
12_2_1_1_1.0
15_2_1_1_1.0
17_2_1_1_1.0
18_2_1_1_1.0
19_2_1_1_1.0
20_2_1_1_1.0
22_2_1_1_1.0
23_3_2_1_1.0
24_3_2_1_1.0
26_3_2_1_1.0
27_3_2_1_1.0
28_3_2_1_1.0
30_3_2_1_1.0
31_3_2_1_1.0
33_3_2_1_1.0
35_4_2_1_1.0
36_4_2_1_1.0
37_4_2_1_1.0
38_4_2_1_1.0
41_4_2_1_1.0
43_4_2_1_1.0
44_4_2_1_1.0
46_5_3_2_1.0
47_5_3_2_1.0
48_5_3_2_1.0
49_5_3_2_1.0
51_5_3_2_1.0
52_5_3_2_1.0
54_5_3_2_1.0
55_5_3_2_1.0
58_6_3_2_1.0
60_6_3_2_1.0
61_6_3_2_1.0
62_6_3_2_1.0
64_6_3_2_1.0
65_6_3_2_1.0
66_6_3_2_1.0
67_7_4_2_1.0
68_7_4_2_1.0
69_7_4_2_1.0
70_7_4_2_1.0
71_7_4_2_1.0
75_7_4_2_1.0
76_7_4_2_1.0
78_8_4_2_1.0
79_8_4_2_1.0
80_8_4_2_1.0
81_8_4_2_1.0
82_8_4_2_1.0
83_8_4_2_1.0
85_8_4_2_1.0
88_8_4_2_1.0
score_s_1_1_1_76.0
score_s_2_1_1_75.0
score_s_3_2_1_77.0
score_s_4_2_1_75.0
score_s_5_3_2_77.0
score_s_6_3_2_75.0
score_s_7_4_2_75.0
score_s_8_4_2_76.0
DURACION
11.0
13.0
6.0
8.0
11.0
7.0
11.0
6.0
5.0
9.0
11.0
13.0
10.0
11.0
5.0
13.0
11.0
5.0
6.0
4.0
6.0
4.0
7.0
8.0
14.0
7.0
15.0
7.0
9.0
7.0
9.0
11.0
6.0
8.0
13.0
9.0
7.0
5.0
8.0
12.0
13.0
14.0
4.0
8.0
11.0
6.0
9.0
6.0
5.0
13.0
7.0
4.0
13.0
4.0
12.0
10.0
15.0
7.0
7.0
14.0
5.0
10.0
8.0
9.0
13.0
7.0
9.0
7.0
9.0
12.0
5.0
14.0
9.0
14.0
3.0
11.0
10.0
9.0
3.0
5.0
8.0
9.0
10.0
13.0
12.0
14.0
14.0
11.0
VALOR
13.0
14.0
9.0
9.0
11.0
9.0
12.0
9.0
9.0
14.0
14.0
15.0
9.0
11.0
9.0
11.0
15.0
9.0
9.0
9.0
9.0
9.0
9.0
9.0
9.0
9.0
14.0
9.0
9.0
9.0
9.0
9.0
9.0
9.0
14.0
14.0
9.0
9.0
9.0
10.0
11.0
11.0
9.0
9.0
10.0
9.0
9.0
9.0
9.0
11.0
9.0
9.0
12.0
9.0
14.0
11.0
13.0
9.0
9.0
13.0
9.0
11.0
9.0
14.0
10.0
9.0
9.0
9.0
9.0
15.0
9.0
14.0
9.0
10.0
9.0
15.0
9.0
9.0
9.0
9.0
9.0
9.0
9.0
12.0
13.0
10.0
12.0
9.0
