Valor Objetivo:480.0
Runtime:0.126662015914917
Gap:0.0
2_1_1_1_1.0
3_1_1_1_1.0
4_1_1_1_1.0
6_1_1_1_1.0
7_1_1_1_1.0
8_1_1_1_1.0
9_1_1_1_1.0
10_1_1_1_1.0
12_2_1_1_1.0
14_2_1_1_1.0
15_2_1_1_1.0
18_2_1_1_1.0
19_2_1_1_1.0
20_2_1_1_1.0
21_2_1_1_1.0
22_2_1_1_1.0
23_3_2_1_1.0
26_3_2_1_1.0
27_3_2_1_1.0
28_3_2_1_1.0
29_3_2_1_1.0
31_3_2_1_1.0
33_3_2_1_1.0
34_4_2_1_1.0
36_4_2_1_1.0
37_4_2_1_1.0
38_4_2_1_1.0
39_4_2_1_1.0
40_4_2_1_1.0
43_4_2_1_1.0
46_5_3_2_1.0
47_5_3_2_1.0
48_5_3_2_1.0
49_5_3_2_1.0
50_5_3_2_1.0
53_5_3_2_1.0
54_5_3_2_1.0
55_5_3_2_1.0
57_6_3_2_1.0
58_6_3_2_1.0
59_6_3_2_1.0
60_6_3_2_1.0
61_6_3_2_1.0
63_6_3_2_1.0
66_6_3_2_1.0
67_7_4_2_1.0
70_7_4_2_1.0
71_7_4_2_1.0
73_7_4_2_1.0
74_7_4_2_1.0
75_7_4_2_1.0
77_7_4_2_1.0
81_8_4_2_1.0
82_8_4_2_1.0
83_8_4_2_1.0
84_8_4_2_1.0
85_8_4_2_1.0
87_8_4_2_1.0
88_8_4_2_1.0
score_s_1_1_1_80.0
score_s_2_1_1_81.0
score_s_3_2_1_80.0
score_s_4_2_1_81.0
score_s_5_3_2_80.0
score_s_6_3_2_80.0
score_s_7_4_2_81.0
score_s_8_4_2_80.0
DURACION
9.0
4.0
3.0
8.0
8.0
13.0
3.0
12.0
6.0
4.0
15.0
11.0
14.0
11.0
13.0
14.0
14.0
3.0
4.0
4.0
10.0
8.0
6.0
15.0
15.0
14.0
14.0
4.0
14.0
9.0
5.0
7.0
10.0
5.0
14.0
9.0
9.0
12.0
10.0
7.0
14.0
15.0
9.0
10.0
13.0
9.0
3.0
12.0
9.0
4.0
14.0
12.0
12.0
3.0
9.0
14.0
7.0
9.0
9.0
3.0
5.0
12.0
11.0
12.0
10.0
12.0
10.0
15.0
5.0
4.0
10.0
8.0
10.0
12.0
4.0
12.0
5.0
9.0
12.0
9.0
15.0
4.0
7.0
10.0
7.0
13.0
11.0
9.0
VALOR
9.0
9.0
9.0
9.0
9.0
11.0
9.0
15.0
9.0
9.0
14.0
14.0
10.0
10.0
9.0
9.0
11.0
9.0
9.0
9.0
12.0
9.0
9.0
14.0
9.0
14.0
13.0
9.0
14.0
9.0
9.0
9.0
12.0
9.0
9.0
9.0
14.0
14.0
15.0
9.0
11.0
14.0
11.0
10.0
12.0
9.0
9.0
11.0
9.0
9.0
11.0
10.0
15.0
9.0
9.0
9.0
9.0
10.0
15.0
9.0
9.0
9.0
13.0
9.0
9.0
15.0
13.0
9.0
9.0
9.0
13.0
9.0
14.0
14.0
9.0
10.0
9.0
9.0
12.0
9.0
14.0
9.0
9.0
13.0
9.0
13.0
14.0
12.0
