Valor Objetivo:491.0
Runtime:0.08178257942199707
Gap:0.0
1_1_1_1_1.0
2_1_1_1_1.0
6_1_1_1_1.0
7_1_1_1_1.0
8_1_1_1_1.0
9_1_1_1_1.0
10_1_1_1_1.0
11_1_1_1_1.0
12_2_1_1_1.0
14_2_1_1_1.0
15_2_1_1_1.0
16_2_1_1_1.0
17_2_1_1_1.0
18_2_1_1_1.0
19_2_1_1_1.0
22_2_1_1_1.0
23_3_2_1_1.0
25_3_2_1_1.0
26_3_2_1_1.0
27_3_2_1_1.0
29_3_2_1_1.0
30_3_2_1_1.0
32_3_2_1_1.0
37_4_2_1_1.0
38_4_2_1_1.0
39_4_2_1_1.0
40_4_2_1_1.0
41_4_2_1_1.0
42_4_2_1_1.0
44_4_2_1_1.0
45_5_3_2_1.0
46_5_3_2_1.0
50_5_3_2_1.0
52_5_3_2_1.0
53_5_3_2_1.0
54_5_3_2_1.0
55_5_3_2_1.0
57_6_3_2_1.0
58_6_3_2_1.0
59_6_3_2_1.0
60_6_3_2_1.0
61_6_3_2_1.0
63_6_3_2_1.0
65_6_3_2_1.0
66_6_3_2_1.0
67_7_4_2_1.0
70_7_4_2_1.0
71_7_4_2_1.0
72_7_4_2_1.0
73_7_4_2_1.0
74_7_4_2_1.0
76_7_4_2_1.0
77_7_4_2_1.0
78_8_4_2_1.0
80_8_4_2_1.0
82_8_4_2_1.0
84_8_4_2_1.0
86_8_4_2_1.0
87_8_4_2_1.0
88_8_4_2_1.0
score_s_1_1_1_81.0
score_s_2_1_1_80.0
score_s_3_2_1_81.0
score_s_4_2_1_80.0
score_s_5_3_2_81.0
score_s_6_3_2_82.0
score_s_7_4_2_83.0
score_s_8_4_2_80.0
DURACION
5.0
7.0
15.0
9.0
12.0
15.0
3.0
10.0
8.0
11.0
3.0
5.0
13.0
10.0
8.0
8.0
7.0
13.0
4.0
14.0
15.0
12.0
10.0
14.0
9.0
9.0
3.0
14.0
11.0
13.0
14.0
12.0
13.0
10.0
12.0
9.0
7.0
13.0
9.0
9.0
9.0
3.0
7.0
9.0
5.0
10.0
10.0
10.0
9.0
4.0
11.0
11.0
9.0
7.0
12.0
11.0
9.0
14.0
4.0
3.0
12.0
11.0
9.0
15.0
9.0
5.0
3.0
11.0
14.0
5.0
13.0
10.0
5.0
3.0
14.0
10.0
3.0
12.0
14.0
12.0
9.0
9.0
8.0
4.0
12.0
12.0
3.0
9.0
VALOR
9.0
9.0
10.0
9.0
9.0
12.0
9.0
13.0
9.0
11.0
9.0
9.0
12.0
11.0
9.0
9.0
9.0
15.0
9.0
14.0
10.0
9.0
14.0
10.0
9.0
9.0
9.0
15.0
14.0
13.0
10.0
13.0
11.0
11.0
12.0
9.0
9.0
13.0
14.0
10.0
15.0
9.0
9.0
10.0
9.0
11.0
12.0
9.0
9.0
9.0
15.0
15.0
13.0
9.0
15.0
9.0
9.0
14.0
9.0
9.0
14.0
11.0
9.0
15.0
9.0
9.0
9.0
10.0
9.0
9.0
14.0
14.0
9.0
9.0
12.0
10.0
9.0
15.0
14.0
12.0
9.0
12.0
9.0
9.0
9.0
12.0
9.0
11.0
