Valor Objetivo:401.0
Runtime:0.07678771018981934
Gap:0.0
1_1_1_1_1.0
3_1_1_1_1.0
4_1_1_1_1.0
5_1_1_1_1.0
6_1_1_1_1.0
9_1_1_1_1.0
10_1_1_1_1.0
12_2_1_1_1.0
14_2_1_1_1.0
16_2_1_1_1.0
17_2_1_1_1.0
20_2_1_1_1.0
21_2_1_1_1.0
22_2_1_1_1.0
24_3_2_1_1.0
25_3_2_1_1.0
26_3_2_1_1.0
27_3_2_1_1.0
30_3_2_1_1.0
31_3_2_1_1.0
32_3_2_1_1.0
34_4_2_1_1.0
36_4_2_1_1.0
38_4_2_1_1.0
42_4_2_1_1.0
43_4_2_1_1.0
44_4_2_1_1.0
46_5_3_2_1.0
49_5_3_2_1.0
50_5_3_2_1.0
51_5_3_2_1.0
53_5_3_2_1.0
54_5_3_2_1.0
56_6_3_2_1.0
57_6_3_2_1.0
59_6_3_2_1.0
61_6_3_2_1.0
62_6_3_2_1.0
63_6_3_2_1.0
66_6_3_2_1.0
67_7_4_2_1.0
70_7_4_2_1.0
71_7_4_2_1.0
72_7_4_2_1.0
73_7_4_2_1.0
74_7_4_2_1.0
76_7_4_2_1.0
78_8_4_2_1.0
79_8_4_2_1.0
80_8_4_2_1.0
83_8_4_2_1.0
85_8_4_2_1.0
88_8_4_2_1.0
score_s_1_1_1_70.0
score_s_2_1_1_71.0
score_s_3_2_1_72.0
score_s_4_2_1_70.0
score_s_5_3_2_71.0
score_s_6_3_2_71.0
score_s_7_4_2_73.0
score_s_8_4_2_70.0
DURACION
11.0
15.0
3.0
3.0
11.0
7.0
9.0
9.0
4.0
5.0
15.0
8.0
13.0
6.0
11.0
14.0
4.0
15.0
14.0
3.0
3.0
9.0
15.0
4.0
9.0
5.0
4.0
9.0
6.0
9.0
6.0
3.0
9.0
4.0
7.0
9.0
14.0
9.0
15.0
13.0
11.0
12.0
13.0
10.0
9.0
12.0
9.0
9.0
13.0
12.0
3.0
15.0
10.0
10.0
9.0
5.0
9.0
14.0
3.0
6.0
6.0
3.0
11.0
15.0
7.0
12.0
10.0
8.0
11.0
10.0
6.0
4.0
5.0
7.0
12.0
3.0
6.0
7.0
9.0
13.0
9.0
12.0
6.0
15.0
14.0
8.0
9.0
10.0
VALOR
11.0
13.0
9.0
9.0
14.0
9.0
9.0
9.0
9.0
9.0
13.0
9.0
11.0
9.0
13.0
15.0
9.0
14.0
10.0
9.0
9.0
11.0
13.0
9.0
14.0
9.0
9.0
9.0
9.0
13.0
9.0
9.0
9.0
9.0
9.0
9.0
15.0
13.0
15.0
11.0
10.0
12.0
13.0
14.0
9.0
13.0
9.0
9.0
14.0
12.0
9.0
11.0
12.0
11.0
9.0
9.0
11.0
12.0
9.0
9.0
9.0
9.0
13.0
11.0
9.0
11.0
14.0
9.0
15.0
14.0
9.0
9.0
9.0
9.0
15.0
9.0
9.0
9.0
10.0
14.0
9.0
12.0
9.0
15.0
13.0
9.0
9.0
15.0
