Valor Objetivo:442.0
Runtime:0.14162135124206543
Gap:0.0
1_1_1_1_1.0
3_1_1_1_1.0
4_1_1_1_1.0
5_1_1_1_1.0
6_1_1_1_1.0
8_1_1_1_1.0
9_1_1_1_1.0
10_1_1_1_1.0
14_2_1_1_1.0
15_2_1_1_1.0
16_2_1_1_1.0
17_2_1_1_1.0
20_2_1_1_1.0
21_2_1_1_1.0
22_2_1_1_1.0
24_3_2_1_1.0
25_3_2_1_1.0
26_3_2_1_1.0
27_3_2_1_1.0
29_3_2_1_1.0
31_3_2_1_1.0
32_3_2_1_1.0
33_3_2_1_1.0
34_4_2_1_1.0
35_4_2_1_1.0
36_4_2_1_1.0
38_4_2_1_1.0
41_4_2_1_1.0
42_4_2_1_1.0
44_4_2_1_1.0
46_5_3_2_1.0
47_5_3_2_1.0
48_5_3_2_1.0
50_5_3_2_1.0
51_5_3_2_1.0
53_5_3_2_1.0
54_5_3_2_1.0
56_6_3_2_1.0
57_6_3_2_1.0
59_6_3_2_1.0
60_6_3_2_1.0
61_6_3_2_1.0
62_6_3_2_1.0
65_6_3_2_1.0
66_6_3_2_1.0
67_7_4_2_1.0
68_7_4_2_1.0
71_7_4_2_1.0
72_7_4_2_1.0
73_7_4_2_1.0
74_7_4_2_1.0
76_7_4_2_1.0
77_7_4_2_1.0
78_8_4_2_1.0
79_8_4_2_1.0
82_8_4_2_1.0
83_8_4_2_1.0
85_8_4_2_1.0
86_8_4_2_1.0
88_8_4_2_1.0
score_s_1_1_1_79.0
score_s_2_1_1_75.0
score_s_3_2_1_77.0
score_s_4_2_1_76.0
score_s_5_3_2_75.0
score_s_6_3_2_76.0
score_s_7_4_2_77.0
score_s_8_4_2_77.0
DURACION
11.0
15.0
3.0
3.0
11.0
7.0
9.0
9.0
4.0
5.0
15.0
8.0
13.0
6.0
11.0
14.0
4.0
15.0
14.0
3.0
3.0
9.0
15.0
4.0
9.0
5.0
4.0
9.0
6.0
9.0
6.0
3.0
9.0
4.0
7.0
9.0
14.0
9.0
15.0
13.0
11.0
12.0
13.0
10.0
9.0
12.0
9.0
9.0
13.0
12.0
3.0
15.0
10.0
10.0
9.0
5.0
9.0
14.0
3.0
6.0
6.0
3.0
11.0
15.0
7.0
12.0
10.0
8.0
11.0
10.0
6.0
4.0
5.0
7.0
12.0
3.0
6.0
7.0
9.0
13.0
9.0
12.0
6.0
15.0
14.0
8.0
9.0
10.0
VALOR
11.0
13.0
9.0
9.0
14.0
9.0
9.0
9.0
9.0
9.0
13.0
9.0
11.0
9.0
13.0
15.0
9.0
14.0
10.0
9.0
9.0
11.0
13.0
9.0
14.0
9.0
9.0
9.0
9.0
13.0
9.0
9.0
9.0
9.0
9.0
9.0
15.0
13.0
15.0
11.0
10.0
12.0
13.0
14.0
9.0
13.0
9.0
9.0
14.0
12.0
9.0
11.0
12.0
11.0
9.0
9.0
11.0
12.0
9.0
9.0
9.0
9.0
13.0
11.0
9.0
11.0
14.0
9.0
15.0
14.0
9.0
9.0
9.0
9.0
15.0
9.0
9.0
9.0
10.0
14.0
9.0
12.0
9.0
15.0
13.0
9.0
9.0
15.0
