Valor Objetivo:905.992222503
Runtime:149.44799304
Gap:9.59169796018e-05
1_1_1_1_61_1.0
2_1_1_1_48_1.0
3_1_1_1_58_1.0
4_1_1_1_88_1.0
5_1_1_1_7_1.0
7_1_1_1_31_1.0
8_1_1_1_25_1.0
9_1_1_1_22_1.0
10_1_1_1_30_1.0
11_1_1_1_33_1.0
12_2_1_1_59_1.0
13_2_1_1_40_1.0
14_2_1_1_3_1.0
15_2_1_1_53_1.0
16_2_1_1_6_1.0
17_2_1_1_8_1.0
18_2_1_1_45_1.0
19_2_1_1_36_1.0
22_2_1_1_79_1.0
23_3_2_1_38_1.0
24_3_2_1_64_1.0
25_3_2_1_35_1.0
26_3_2_1_10_1.0
27_3_2_1_50_1.0
28_3_2_1_11_1.0
29_3_2_1_55_1.0
30_3_2_1_85_1.0
31_3_2_1_86_1.0
32_3_2_1_52_1.0
33_3_2_1_78_1.0
34_4_2_1_57_1.0
35_4_2_1_74_1.0
36_4_2_1_26_1.0
37_4_2_1_68_1.0
39_4_2_1_72_1.0
40_4_2_1_12_1.0
41_4_2_1_54_1.0
42_4_2_1_5_1.0
43_4_2_1_44_1.0
44_4_2_1_19_1.0
45_5_3_2_17_1.0
46_5_3_2_82_1.0
47_5_3_2_20_1.0
48_5_3_2_29_1.0
49_5_3_2_47_1.0
50_5_3_2_18_1.0
52_5_3_2_9_1.0
53_5_3_2_27_1.0
54_5_3_2_37_1.0
55_5_3_2_65_1.0
56_6_3_2_51_1.0
57_6_3_2_16_1.0
58_6_3_2_76_1.0
59_6_3_2_42_1.0
60_6_3_2_15_1.0
61_6_3_2_43_1.0
62_6_3_2_46_1.0
63_6_3_2_39_1.0
64_6_3_2_24_1.0
65_6_3_2_49_1.0
66_6_3_2_62_1.0
67_7_4_2_83_1.0
69_7_4_2_56_1.0
70_7_4_2_84_1.0
71_7_4_2_13_1.0
72_7_4_2_87_1.0
73_7_4_2_28_1.0
74_7_4_2_23_1.0
75_7_4_2_41_1.0
76_7_4_2_14_1.0
77_7_4_2_4_1.0
78_8_4_2_70_1.0
79_8_4_2_60_1.0
81_8_4_2_34_1.0
82_8_4_2_32_1.0
83_8_4_2_69_1.0
84_8_4_2_1_1.0
85_8_4_2_2_1.0
87_8_4_2_21_1.0
88_8_4_2_66_1.0
score_s_1_1_1_102.0
score_s_2_1_1_100.0
score_s_3_2_1_102.0
score_s_4_2_1_108.0
score_s_5_3_2_101.0
score_s_6_3_2_107.0
score_s_7_4_2_104.0
score_s_8_4_2_100.0
score_t_1_1_101.0
score_t_2_1_105.0
score_t_3_2_104.0
score_t_4_2_102.0
score_m_1_103.0
score_m_2_103.0
DURACION
10.0
13.0
6.0
10.0
11.0
11.0
12.0
9.0
5.0
12.0
14.0
4.0
3.0
6.0
3.0
9.0
4.0
4.0
15.0
13.0
14.0
6.0
8.0
11.0
15.0
14.0
6.0
3.0
14.0
6.0
9.0
3.0
5.0
12.0
15.0
15.0
9.0
4.0
7.0
4.0
7.0
15.0
6.0
15.0
9.0
5.0
10.0
11.0
11.0
7.0
9.0
12.0
5.0
15.0
7.0
15.0
4.0
7.0
13.0
9.0
5.0
11.0
6.0
7.0
8.0
8.0
11.0
3.0
6.0
3.0
7.0
11.0
11.0
8.0
6.0
13.0
7.0
4.0
11.0
15.0
12.0
15.0
9.0
4.0
12.0
7.0
9.0
7.0
VALOR
11.0
14.0
9.0
10.0
9.0
14.0
10.0
9.0
9.0
14.0
14.0
9.0
9.0
9.0
9.0
9.0
9.0
9.0
10.0
15.0
15.0
9.0
9.0
14.0
12.0
9.0
9.0
9.0
14.0
9.0
9.0
9.0
9.0
15.0
15.0
10.0
9.0
9.0
9.0
9.0
9.0
12.0
9.0
15.0
9.0
9.0
9.0
11.0
9.0
9.0
12.0
14.0
9.0
9.0
9.0
14.0
9.0
9.0
11.0
9.0
9.0
9.0
9.0
9.0
9.0
9.0
11.0
9.0
9.0
9.0
9.0
12.0
13.0
9.0
9.0
13.0
9.0
9.0
14.0
13.0
14.0
12.0
10.0
9.0
11.0
9.0
9.0
9.0
ESTRES
0.0592160805794
0.0945989621653
0.0995153035654
0.164207731179
0.0302764413543
0.130575108943
0.149707329236
0.0200760823518
0.173862552257
0.134261108497
0.0569536763028
0.123971363765
0.18094566955
0.105113383536
0.163411746645
0.14340117536
0.151151469707
0.0427709689133
0.0608672928886
0.0204083583258
0.0433422938213
0.152649541239
0.0334071372168
0.129865303646
0.0250032705585
0.112055620121
0.068941168972
0.0702415331115
0.162864310029
0.00385728921413
0.102652975748
0.0008722245716
0.0296573901973
0.0404303468661
0.159875872107
0.0403888772112
0.128053078065
0.174842852637
0.0319675265581
0.14915391136
0.143079400787
0.101036788946
0.0253059319466
0.0779123052509
0.182567859769
0.125626567741
0.0762849481907
0.0870135851132
0.156361691677
0.151869325269
0.119024639314
0.156141693424
0.0312411910574
0.120179990905
0.130799092916
0.0974111149349
0.0542916949016
0.187616926018
0.46149734546
0.408933698846
0.45928218858
0.467743329252
0.491332137202
0.412695624455
0.414948626421
0.484645028081
0.49335693721
0.462328692983
0.461380374204
0.417906168399
0.482578047043
0.423387170299
0.490296681906
0.449586459076
0.490892596829
0.470789136422
0.49216656916
0.451139210635
0.417770271915
0.484850199231
0.497529739119
0.458213523988
0.428348001205
0.426506145832
0.408822949587
0.446143287491
0.417702744343
0.454021010486
