Valor Objetivo:471.16619455
Runtime:13.9609069824
Gap:0.0
1_1_1_1_19_1.0
2_1_1_1_29_1.0
3_1_1_1_40_1.0
6_1_1_1_48_1.0
7_1_1_1_9_1.0
10_1_1_1_46_1.0
11_1_1_1_54_1.0
12_2_1_1_23_1.0
13_2_1_1_76_1.0
14_2_1_1_16_1.0
15_2_1_1_25_1.0
16_2_1_1_87_1.0
17_2_1_1_55_1.0
18_2_1_1_11_1.0
19_2_1_1_3_1.0
21_2_1_1_10_1.0
22_2_1_1_34_1.0
23_3_2_1_33_1.0
24_3_2_1_43_1.0
26_3_2_1_37_1.0
27_3_2_1_20_1.0
28_3_2_1_62_1.0
29_3_2_1_18_1.0
32_3_2_1_70_1.0
34_4_2_1_38_1.0
35_4_2_1_41_1.0
36_4_2_1_26_1.0
37_4_2_1_50_1.0
39_4_2_1_44_1.0
40_4_2_1_15_1.0
41_4_2_1_85_1.0
43_4_2_1_17_1.0
44_4_2_1_24_1.0
45_5_3_2_4_1.0
46_5_3_2_86_1.0
48_5_3_2_36_1.0
49_5_3_2_57_1.0
50_5_3_2_14_1.0
52_5_3_2_83_1.0
53_5_3_2_60_1.0
54_5_3_2_56_1.0
55_5_3_2_53_1.0
56_6_3_2_13_1.0
57_6_3_2_21_1.0
58_6_3_2_35_1.0
59_6_3_2_77_1.0
61_6_3_2_30_1.0
62_6_3_2_73_1.0
64_6_3_2_6_1.0
65_6_3_2_2_1.0
66_6_3_2_58_1.0
67_7_4_2_49_1.0
69_7_4_2_32_1.0
70_7_4_2_27_1.0
71_7_4_2_7_1.0
72_7_4_2_28_1.0
73_7_4_2_5_1.0
74_7_4_2_81_1.0
76_7_4_2_31_1.0
77_7_4_2_8_1.0
78_8_4_2_47_1.0
79_8_4_2_45_1.0
81_8_4_2_42_1.0
82_8_4_2_51_1.0
83_8_4_2_52_1.0
85_8_4_2_22_1.0
86_8_4_2_12_1.0
87_8_4_2_39_1.0
score_s_1_1_1_86.0
score_s_2_1_1_90.0
score_s_3_2_1_85.0
score_s_4_2_1_87.0
score_s_5_3_2_85.0
score_s_6_3_2_87.0
score_s_7_4_2_87.0
score_s_8_4_2_93.0
score_t_1_1_88.0
score_t_2_1_86.0
score_t_3_2_86.0
score_t_4_2_90.0
score_m_1_87.0
score_m_2_88.0
DURACION
7.0
9.0
13.0
9.0
14.0
8.0
13.0
4.0
10.0
4.0
9.0
10.0
4.0
5.0
13.0
8.0
9.0
9.0
13.0
12.0
5.0
9.0
13.0
9.0
3.0
11.0
15.0
7.0
3.0
3.0
14.0
12.0
13.0
10.0
11.0
9.0
8.0
13.0
9.0
8.0
4.0
12.0
11.0
13.0
6.0
9.0
14.0
3.0
5.0
7.0
6.0
5.0
9.0
10.0
6.0
9.0
10.0
12.0
15.0
4.0
5.0
7.0
5.0
3.0
8.0
7.0
15.0
9.0
13.0
14.0
15.0
5.0
9.0
13.0
14.0
14.0
3.0
6.0
5.0
15.0
9.0
7.0
5.0
8.0
14.0
9.0
3.0
12.0
VALOR
9.0
9.0
15.0
9.0
15.0
9.0
13.0
9.0
9.0
9.0
10.0
9.0
9.0
9.0
10.0
9.0
11.0
9.0
10.0
15.0
9.0
9.0
15.0
9.0
9.0
14.0
12.0
9.0
9.0
9.0
10.0
12.0
11.0
14.0
10.0
9.0
9.0
12.0
9.0
9.0
9.0
12.0
10.0
12.0
9.0
9.0
9.0
9.0
9.0
9.0
9.0
9.0
15.0
11.0
9.0
9.0
9.0
11.0
14.0
9.0
9.0
9.0
9.0
9.0
9.0
9.0
13.0
9.0
13.0
14.0
15.0
9.0
9.0
11.0
15.0
13.0
9.0
9.0
9.0
15.0
12.0
9.0
9.0
9.0
13.0
12.0
9.0
15.0
ESTRES
0.173296424854
0.0583518773375
0.0457420145098
0.120039536615
0.0666343866927
0.162609326151
0.055103755397
0.185667331912
0.0891009656814
0.060024221015
0.187089210545
0.104640954694
0.084806362422
0.17568310551
0.145549151601
0.107746071404
0.120470772201
0.0420233060195
0.0388346804082
0.0101923528141
0.114358264772
0.0916361195006
0.0402890631126
0.107210314139
0.0498189490542
0.127506959308
0.0894132550288
0.19980109419
0.179322113574
0.029357482456
0.0693453780869
0.168799670709
0.0501368004503
0.11266477912
0.08926685602
0.0250751961206
0.00646630991858
0.000118726093936
0.101303896273
0.0107241661639
0.152399375557
0.0816774547601
0.0311604511143
0.0242590161563
0.0289584041721
0.00915118159616
0.02008255005
0.0353435475507
0.184757515246
0.199701865001
0.104386159655
0.0465732812474
0.15841568652
0.087529824217
0.159457794776
0.0491708696597
0.192420825371
0.101451757929
0.431084733821
0.417856227598
0.449618858159
0.41900838111
0.473582311142
0.459940719334
0.494531841989
0.475305351696
0.451041708295
0.460661823507
0.445131454271
0.411070651878
0.463259427497
0.471584871727
0.428948450906
0.445298814083
0.498929390856
0.442276129093
0.416742302733
0.465315092469
0.497511053924
0.451502327976
0.444106000606
0.453494369368
0.437421516707
0.484837288505
0.421950889738
0.427744665939
0.420766584509
0.484779656906
