Valor Objetivo:382.999888
Runtime:24.8186488152
Gap:9.51782131734e-05
2_1_1_1_43_1.0
3_1_1_1_21_1.0
4_1_1_1_10_1.0
7_1_1_1_53_1.0
8_1_1_1_33_1.0
10_1_1_1_24_1.0
11_1_1_1_19_1.0
12_2_1_1_49_1.0
13_2_1_1_57_1.0
14_2_1_1_55_1.0
15_2_1_1_41_1.0
16_2_1_1_22_1.0
21_2_1_1_47_1.0
23_3_2_1_42_1.0
24_3_2_1_18_1.0
27_3_2_1_9_1.0
28_3_2_1_51_1.0
30_3_2_1_30_1.0
31_3_2_1_4_1.0
33_3_2_1_37_1.0
34_4_2_1_40_1.0
35_4_2_1_3_1.0
36_4_2_1_58_1.0
37_4_2_1_5_1.0
38_4_2_1_25_1.0
40_4_2_1_56_1.0
42_4_2_1_17_1.0
44_4_2_1_28_1.0
45_5_3_2_7_1.0
48_5_3_2_8_1.0
49_5_3_2_15_1.0
50_5_3_2_13_1.0
51_5_3_2_32_1.0
53_5_3_2_50_1.0
54_5_3_2_52_1.0
55_5_3_2_34_1.0
56_6_3_2_27_1.0
58_6_3_2_35_1.0
61_6_3_2_16_1.0
62_6_3_2_45_1.0
63_6_3_2_54_1.0
64_6_3_2_87_1.0
65_6_3_2_44_1.0
67_7_4_2_31_1.0
69_7_4_2_48_1.0
70_7_4_2_14_1.0
72_7_4_2_20_1.0
74_7_4_2_12_1.0
76_7_4_2_23_1.0
77_7_4_2_26_1.0
78_8_4_2_29_1.0
81_8_4_2_38_1.0
83_8_4_2_11_1.0
85_8_4_2_46_1.0
86_8_4_2_39_1.0
87_8_4_2_36_1.0
score_s_1_1_1_75.0
score_s_2_1_1_75.0
score_s_3_2_1_78.0
score_s_4_2_1_76.0
score_s_5_3_2_77.0
score_s_6_3_2_75.0
score_s_7_4_2_76.0
score_s_8_4_2_76.0
score_t_1_1_75.0
score_t_2_1_77.0
score_t_3_2_76.0
score_t_4_2_76.0
score_m_1_76.0
score_m_2_76.0
DURACION
15.0
11.0
5.0
9.0
9.0
15.0
11.0
15.0
10.0
3.0
9.0
12.0
15.0
9.0
12.0
9.0
15.0
3.0
12.0
10.0
3.0
6.0
10.0
10.0
9.0
9.0
5.0
6.0
4.0
12.0
4.0
3.0
15.0
12.0
11.0
13.0
8.0
13.0
13.0
5.0
9.0
8.0
8.0
9.0
8.0
15.0
11.0
6.0
11.0
8.0
9.0
11.0
4.0
15.0
15.0
12.0
14.0
3.0
10.0
3.0
9.0
14.0
10.0
9.0
11.0
11.0
9.0
10.0
5.0
7.0
14.0
8.0
7.0
7.0
7.0
9.0
15.0
12.0
9.0
3.0
13.0
14.0
6.0
10.0
11.0
12.0
11.0
3.0
VALOR
11.0
13.0
9.0
9.0
9.0
12.0
12.0
13.0
15.0
9.0
14.0
10.0
10.0
14.0
13.0
12.0
15.0
9.0
9.0
10.0
9.0
9.0
10.0
14.0
13.0
15.0
9.0
9.0
9.0
9.0
9.0
9.0
14.0
15.0
12.0
9.0
9.0
14.0
11.0
9.0
9.0
9.0
9.0
9.0
9.0
11.0
9.0
9.0
11.0
9.0
9.0
10.0
9.0
10.0
9.0
15.0
12.0
9.0
10.0
9.0
12.0
10.0
11.0
9.0
10.0
14.0
9.0
14.0
9.0
9.0
11.0
9.0
9.0
9.0
9.0
9.0
13.0
14.0
9.0
9.0
15.0
15.0
9.0
12.0
14.0
12.0
14.0
9.0
ESTRES
0.133447974842
0.121312097758
0.109971100526
0.0116966081196
0.0101427605444
0.181865693784
0.0287169017863
0.129229524462
0.182654990579
0.0376387161716
0.156724013859
0.133568551254
0.172665780854
0.137791407898
0.0580285335889
0.00862837857201
0.0708702261681
0.114922302011
0.0705900750712
0.0796348147123
0.103332033543
0.195336987105
0.116679073605
0.193390210344
0.179927593327
0.0335305413378
0.110879425874
0.0143384686619
0.164139055989
0.047704458262
0.0568059482638
0.0348276945965
0.0164889903704
0.153665871978
0.0676237378009
0.113262998901
0.0132659019303
0.0344430647206
0.0294508073871
0.100789823668
0.0840817145561
0.146166835613
0.091630802373
0.117071788864
0.0964180679241
0.0347469750078
0.0210496352373
0.0617811580579
0.0322668795481
0.189752022039
0.117081740751
0.174122869729
0.173197127892
0.0961376590534
0.0427979783625
0.172671210741
0.0127236704277
0.179703965319
0.422497663106
0.463621153399
0.423227145239
0.42078895514
0.475144825584
0.483940122863
0.477974014047
0.45705860195
0.473405758842
0.492127522379
0.496777711255
0.471635956518
0.439664362319
0.417687836271
0.427927238923
0.440305008309
0.429648922169
0.426656528723
0.485405943732
0.430289247125
0.432078522416
0.416548185507
0.444046568726
0.468843389773
0.44487207831
0.434013365361
0.453360047266
0.427355760073
0.400384700956
0.437970484833
