Valor Objetivo:821.864623845
Runtime:8.58775019646
Gap:0.0
1_1_1_1_1_1.0
3_1_1_1_24_1.0
4_1_1_1_30_1.0
5_1_1_1_70_1.0
6_1_1_1_53_1.0
7_1_1_1_20_1.0
9_1_1_1_77_1.0
10_1_1_1_43_1.0
11_1_1_1_2_1.0
12_2_1_1_62_1.0
13_2_1_1_81_1.0
14_2_1_1_21_1.0
15_2_1_1_36_1.0
16_2_1_1_42_1.0
17_2_1_1_40_1.0
18_2_1_1_58_1.0
19_2_1_1_55_1.0
22_2_1_1_9_1.0
23_3_2_1_37_1.0
24_3_2_1_85_1.0
25_3_2_1_76_1.0
27_3_2_1_41_1.0
29_3_2_1_57_1.0
30_3_2_1_56_1.0
31_3_2_1_26_1.0
32_3_2_1_6_1.0
33_3_2_1_19_1.0
34_4_2_1_52_1.0
35_4_2_1_38_1.0
38_4_2_1_51_1.0
39_4_2_1_67_1.0
40_4_2_1_8_1.0
41_4_2_1_45_1.0
42_4_2_1_18_1.0
43_4_2_1_10_1.0
44_4_2_1_11_1.0
45_5_3_2_71_1.0
46_5_3_2_49_1.0
47_5_3_2_3_1.0
48_5_3_2_16_1.0
49_5_3_2_14_1.0
50_5_3_2_47_1.0
52_5_3_2_5_1.0
53_5_3_2_50_1.0
54_5_3_2_82_1.0
55_5_3_2_75_1.0
56_6_3_2_27_1.0
57_6_3_2_12_1.0
58_6_3_2_46_1.0
59_6_3_2_7_1.0
60_6_3_2_28_1.0
61_6_3_2_22_1.0
63_6_3_2_34_1.0
65_6_3_2_33_1.0
66_6_3_2_13_1.0
69_7_4_2_25_1.0
71_7_4_2_39_1.0
72_7_4_2_31_1.0
73_7_4_2_35_1.0
74_7_4_2_54_1.0
75_7_4_2_4_1.0
76_7_4_2_32_1.0
77_7_4_2_60_1.0
78_8_4_2_23_1.0
80_8_4_2_15_1.0
81_8_4_2_63_1.0
82_8_4_2_17_1.0
83_8_4_2_59_1.0
84_8_4_2_29_1.0
85_8_4_2_44_1.0
86_8_4_2_61_1.0
88_8_4_2_48_1.0
score_s_1_1_1_97.0
score_s_2_1_1_95.0
score_s_3_2_1_97.0
score_s_4_2_1_95.0
score_s_5_3_2_98.0
score_s_6_3_2_96.0
score_s_7_4_2_95.0
score_s_8_4_2_95.0
score_t_1_1_96.0
score_t_2_1_96.0
score_t_3_2_97.0
score_t_4_2_95.0
score_m_1_96.0
score_m_2_96.0
DURACION
11.0
12.0
4.0
12.0
12.0
10.0
8.0
13.0
10.0
7.0
9.0
14.0
8.0
7.0
9.0
9.0
15.0
6.0
11.0
11.0
6.0
5.0
9.0
9.0
13.0
15.0
11.0
13.0
10.0
14.0
9.0
5.0
5.0
3.0
14.0
11.0
13.0
10.0
5.0
8.0
8.0
7.0
11.0
9.0
9.0
13.0
14.0
9.0
3.0
7.0
15.0
9.0
11.0
13.0
12.0
9.0
4.0
11.0
9.0
12.0
12.0
5.0
8.0
15.0
4.0
11.0
7.0
10.0
8.0
10.0
11.0
9.0
10.0
4.0
6.0
15.0
5.0
5.0
7.0
8.0
11.0
10.0
5.0
13.0
15.0
9.0
15.0
11.0
VALOR
14.0
10.0
9.0
13.0
12.0
9.0
9.0
12.0
13.0
9.0
9.0
13.0
9.0
9.0
13.0
9.0
14.0
9.0
13.0
12.0
9.0
9.0
14.0
12.0
12.0
14.0
10.0
10.0
13.0
14.0
12.0
9.0
9.0
9.0
11.0
11.0
11.0
11.0
9.0
9.0
9.0
9.0
13.0
14.0
14.0
15.0
13.0
9.0
9.0
9.0
11.0
11.0
12.0
13.0
14.0
9.0
9.0
9.0
9.0
9.0
15.0
9.0
9.0
13.0
9.0
10.0
9.0
9.0
9.0
10.0
10.0
9.0
15.0
9.0
9.0
10.0
9.0
9.0
9.0
9.0
13.0
10.0
9.0
11.0
14.0
9.0
9.0
10.0
ESTRES
0.0545774983786
0.000153406097413
0.130848067966
0.160830395712
0.0483161701455
0.0577569205257
0.0583227443842
0.18739484135
0.055130079833
0.101931753958
0.0621557068839
0.168105472753
0.0219851233459
0.0540441172799
0.00631833079857
0.0849084959367
0.0153048389456
0.1494654795
0.118606688075
0.145303761581
0.0935576132518
0.0475724122067
0.0418572166772
0.195882095578
0.0311915669875
0.144042188254
0.187229886719
0.113346141836
0.150714354348
0.0850232260493
0.00938574620986
0.0817667254037
0.167100906952
0.0980821312342
0.163991166856
0.100356708543
0.0545302173836
0.194694394914
0.00183702039114
0.0149044569886
0.0165487462169
0.140233121771
0.108527718479
0.0591285039944
0.1188304092
0.0810098873473
0.188232417554
0.0884386942011
0.110878713127
0.0892949239131
0.0880684876846
0.127585889912
0.102638139365
0.0691088105159
0.0855570459127
0.0562525602803
0.0883380069028
0.109797926038
0.417163364634
0.460898422516
0.404074201456
0.443776519964
0.46132700321
0.464537067945
0.480482865524
0.486022163141
0.400134651575
0.483168130378
0.471591015266
0.41154374289
0.418328647478
0.479466963984
0.462364235526
0.498980068983
0.420523555257
0.421586594539
0.436499015407
0.490859724187
0.458434763552
0.455832610937
0.403717718961
0.418411924029
0.476635652854
0.473261353297
0.416365932565
0.472393676732
0.476310349765
0.474148759059
