Valor Objetivo:487.4589952
Runtime:903.359641075
Gap:0.00472681293937
3_1_1_1_35_1.0
4_1_1_1_17_1.0
5_1_1_1_10_1.0
6_1_1_1_46_1.0
7_1_1_1_26_1.0
8_1_1_1_50_1.0
9_1_1_1_6_1.0
10_1_1_1_48_1.0
11_1_1_1_76_1.0
12_2_1_1_57_1.0
13_2_1_1_51_1.0
15_2_1_1_9_1.0
17_2_1_1_58_1.0
18_2_1_1_1_1.0
19_2_1_1_2_1.0
20_2_1_1_43_1.0
21_2_1_1_21_1.0
23_3_2_1_16_1.0
24_3_2_1_33_1.0
25_3_2_1_40_1.0
27_3_2_1_19_1.0
28_3_2_1_53_1.0
29_3_2_1_27_1.0
30_3_2_1_5_1.0
31_3_2_1_31_1.0
34_4_2_1_56_1.0
36_4_2_1_7_1.0
37_4_2_1_30_1.0
38_4_2_1_49_1.0
40_4_2_1_22_1.0
42_4_2_1_14_1.0
43_4_2_1_23_1.0
46_5_3_2_37_1.0
47_5_3_2_42_1.0
48_5_3_2_54_1.0
49_5_3_2_15_1.0
50_5_3_2_52_1.0
52_5_3_2_20_1.0
55_5_3_2_18_1.0
56_6_3_2_45_1.0
57_6_3_2_4_1.0
59_6_3_2_36_1.0
60_6_3_2_41_1.0
61_6_3_2_8_1.0
63_6_3_2_12_1.0
64_6_3_2_24_1.0
65_6_3_2_47_1.0
67_7_4_2_64_1.0
68_7_4_2_55_1.0
69_7_4_2_29_1.0
70_7_4_2_39_1.0
71_7_4_2_11_1.0
72_7_4_2_44_1.0
73_7_4_2_38_1.0
76_7_4_2_59_1.0
78_8_4_2_3_1.0
79_8_4_2_28_1.0
80_8_4_2_32_1.0
84_8_4_2_74_1.0
85_8_4_2_25_1.0
87_8_4_2_34_1.0
88_8_4_2_13_1.0
score_s_1_1_1_81.0
score_s_2_1_1_77.0
score_s_3_2_1_78.0
score_s_4_2_1_76.0
score_s_5_3_2_76.0
score_s_6_3_2_82.0
score_s_7_4_2_75.0
score_s_8_4_2_75.0
score_t_1_1_79.0
score_t_2_1_77.0
score_t_3_2_79.0
score_t_4_2_75.0
score_m_1_78.0
score_m_2_77.0
DURACION
11.0
8.0
4.0
8.0
10.0
15.0
3.0
8.0
7.0
13.0
4.0
13.0
13.0
9.0
11.0
9.0
14.0
9.0
9.0
6.0
4.0
11.0
6.0
9.0
9.0
3.0
11.0
4.0
9.0
11.0
5.0
10.0
11.0
12.0
3.0
6.0
10.0
11.0
10.0
5.0
9.0
3.0
3.0
12.0
6.0
3.0
5.0
10.0
9.0
4.0
9.0
8.0
6.0
15.0
12.0
8.0
10.0
11.0
9.0
5.0
4.0
8.0
3.0
11.0
6.0
4.0
14.0
14.0
5.0
8.0
9.0
9.0
3.0
11.0
8.0
14.0
4.0
7.0
3.0
3.0
8.0
6.0
8.0
3.0
9.0
15.0
14.0
11.0
VALOR
15.0
9.0
9.0
9.0
12.0
9.0
9.0
9.0
9.0
12.0
9.0
10.0
11.0
14.0
14.0
14.0
13.0
9.0
9.0
9.0
9.0
13.0
9.0
9.0
9.0
9.0
13.0
9.0
9.0
9.0
9.0
12.0
10.0
12.0
9.0
9.0
10.0
12.0
10.0
9.0
10.0
9.0
9.0
10.0
9.0
9.0
9.0
9.0
9.0
9.0
9.0
9.0
9.0
10.0
12.0
9.0
14.0
12.0
9.0
9.0
9.0
9.0
9.0
15.0
9.0
9.0
14.0
11.0
9.0
9.0
9.0
9.0
9.0
9.0
9.0
12.0
9.0
9.0
9.0
9.0
9.0
9.0
9.0
9.0
10.0
9.0
13.0
14.0
ESTRES
0.0816191980822
0.10347205839
0.0380064706051
0.103911638477
0.141632784097
0.148578843645
0.0377310189586
0.142888455219
0.043188119921
0.0863474987986
0.0105010784977
0.0751238951678
0.0358087089901
0.00987272013816
0.0942279851906
0.199416181926
0.0908538121234
0.0157774125766
0.0186210938234
0.0111407755256
0.00255181275548
0.0555661058703
0.0169441313562
0.141099121622
0.0884563586127
0.0993638521578
0.00379937307341
0.143300391172
0.146487491965
0.161049983309
0.136204429576
0.00634501816406
0.16504951491
0.159617856554
0.0771258471202
0.0705711470586
0.017109213709
0.181877803011
0.0923530834207
0.0382471642565
0.109162450612
0.0422516972095
0.133577133421
0.15579460757
0.152485915052
0.1637431501
0.0613562742493
0.18104673261
0.122909733817
0.0678841214164
0.144349644273
0.132942635617
0.0509297154381
0.035076956766
0.151007881224
0.0112867746096
0.0374210992911
0.0997636507535
0.409100736268
0.475521301526
0.450430134825
0.484895933579
0.495207486199
0.413827388913
0.450598765476
0.452422766808
0.487989389806
0.434337483697
0.417913624411
0.414747644622
0.439835153405
0.469974758882
0.433412937561
0.406682472732
0.485640699457
0.406721518648
0.479204289602
0.478894307138
0.421553654717
0.473472030906
0.496660893267
0.46153220298
0.499985887966
0.478810085789
0.44555484433
0.437830456675
0.440915968154
0.498488541542
