Valor Objetivo:535.641484838
Runtime:290.390019894
Gap:0.0
2_1_1_1_33_1.0
4_1_1_1_49_1.0
5_1_1_1_6_1.0
6_1_1_1_47_1.0
8_1_1_1_28_1.0
9_1_1_1_24_1.0
10_1_1_1_36_1.0
13_2_1_1_58_1.0
15_2_1_1_14_1.0
16_2_1_1_29_1.0
17_2_1_1_75_1.0
18_2_1_1_44_1.0
19_2_1_1_13_1.0
21_2_1_1_46_1.0
22_2_1_1_8_1.0
23_3_2_1_15_1.0
24_3_2_1_74_1.0
27_3_2_1_4_1.0
28_3_2_1_48_1.0
29_3_2_1_50_1.0
30_3_2_1_55_1.0
31_3_2_1_25_1.0
32_3_2_1_43_1.0
33_3_2_1_57_1.0
34_4_2_1_32_1.0
35_4_2_1_11_1.0
37_4_2_1_64_1.0
38_4_2_1_16_1.0
39_4_2_1_21_1.0
40_4_2_1_12_1.0
43_4_2_1_18_1.0
44_4_2_1_1_1.0
45_5_3_2_34_1.0
46_5_3_2_37_1.0
47_5_3_2_70_1.0
49_5_3_2_52_1.0
51_5_3_2_27_1.0
53_5_3_2_40_1.0
55_5_3_2_7_1.0
56_6_3_2_31_1.0
57_6_3_2_51_1.0
58_6_3_2_41_1.0
59_6_3_2_26_1.0
60_6_3_2_30_1.0
61_6_3_2_56_1.0
63_6_3_2_38_1.0
65_6_3_2_20_1.0
67_7_4_2_10_1.0
68_7_4_2_53_1.0
70_7_4_2_17_1.0
71_7_4_2_42_1.0
72_7_4_2_2_1.0
74_7_4_2_54_1.0
76_7_4_2_39_1.0
77_7_4_2_9_1.0
78_8_4_2_23_1.0
82_8_4_2_22_1.0
83_8_4_2_5_1.0
84_8_4_2_19_1.0
85_8_4_2_45_1.0
87_8_4_2_35_1.0
88_8_4_2_3_1.0
score_s_1_1_1_80.0
score_s_2_1_1_80.0
score_s_3_2_1_85.0
score_s_4_2_1_83.0
score_s_5_3_2_81.0
score_s_6_3_2_81.0
score_s_7_4_2_86.0
score_s_8_4_2_80.0
score_t_1_1_80.0
score_t_2_1_84.0
score_t_3_2_81.0
score_t_4_2_83.0
score_m_1_82.0
score_m_2_82.0
DURACION
5.0
4.0
3.0
13.0
11.0
5.0
9.0
6.0
9.0
5.0
15.0
8.0
4.0
10.0
13.0
5.0
9.0
9.0
4.0
7.0
8.0
11.0
5.0
10.0
6.0
11.0
7.0
3.0
15.0
4.0
8.0
12.0
14.0
13.0
7.0
4.0
9.0
13.0
15.0
7.0
9.0
9.0
5.0
15.0
5.0
9.0
14.0
13.0
9.0
6.0
11.0
7.0
9.0
14.0
6.0
10.0
7.0
10.0
14.0
9.0
4.0
10.0
7.0
14.0
4.0
9.0
12.0
5.0
11.0
11.0
12.0
6.0
13.0
14.0
9.0
14.0
5.0
13.0
12.0
12.0
9.0
8.0
10.0
13.0
3.0
8.0
9.0
10.0
VALOR
9.0
9.0
9.0
14.0
12.0
9.0
9.0
9.0
9.0
9.0
13.0
9.0
9.0
13.0
14.0
9.0
9.0
9.0
9.0
9.0
9.0
13.0
9.0
11.0
9.0
9.0
9.0
9.0
13.0
9.0
9.0
12.0
14.0
10.0
9.0
9.0
9.0
9.0
9.0
9.0
11.0
9.0
9.0
14.0
9.0
15.0
12.0
12.0
9.0
9.0
10.0
9.0
9.0
13.0
9.0
13.0
9.0
12.0
14.0
9.0
9.0
14.0
9.0
9.0
9.0
9.0
15.0
9.0
12.0
14.0
12.0
9.0
14.0
9.0
9.0
12.0
9.0
9.0
10.0
11.0
10.0
9.0
15.0
14.0
9.0
9.0
9.0
13.0
ESTRES
0.110196763697
0.00681698329104
0.000313001938866
0.037405529937
0.0241247529299
0.0432781025177
0.0379826753234
0.102842077764
0.0862023280312
0.0333161623241
0.100988682265
0.136177999102
0.123688894125
0.0659409379814
0.151475991161
0.115923662775
0.0835089487097
0.149003262377
0.0877590011248
0.0580931933869
0.00223733250043
0.0107576547912
0.135049374919
0.179255661981
0.125156705799
0.137951470826
0.197634637674
0.064781299872
0.154969639404
0.165358107696
0.151204598253
0.0509029764402
0.0610263058135
0.092513534779
0.00462048320022
0.0527983187382
0.182719713688
0.0205612475033
0.0521094894729
0.0291926523579
0.159868930836
0.152759602499
0.18744481211
0.136812745634
0.0994489307058
0.163618325678
0.106262632305
0.154521403913
0.0585509006145
0.134681688297
0.166709431491
0.0516927036076
0.141035592064
0.000902555755036
0.109269486667
0.150559690492
0.0571724208245
0.164416164784
0.445644446847
0.437220815065
0.493069852144
0.473138491836
0.479060571151
0.419154007595
0.461360587403
0.458438085094
0.451876740529
0.478308889352
0.451599702825
0.408180082411
0.499925313313
0.478768189534
0.458376350915
0.417865619091
0.404467558609
0.459637238191
0.454742138333
0.443788875506
0.482154480611
0.428523547397
0.452626738402
0.47681278857
0.450186098193
0.473623510972
0.484569292382
0.447002648595
0.475890448592
0.497108949284
