Valor Objetivo:350.842413549
Runtime:203.624922991
Gap:9.91674609171e-05
2_1_1_1_48_1.0
3_1_1_1_20_1.0
5_1_1_1_7_1.0
6_1_1_1_21_1.0
7_1_1_1_12_1.0
9_1_1_1_8_1.0
10_1_1_1_50_1.0
12_2_1_1_39_1.0
13_2_1_1_19_1.0
16_2_1_1_30_1.0
19_2_1_1_6_1.0
20_2_1_1_44_1.0
21_2_1_1_31_1.0
22_2_1_1_25_1.0
25_3_2_1_33_1.0
26_3_2_1_1_1.0
27_3_2_1_11_1.0
28_3_2_1_13_1.0
29_3_2_1_26_1.0
30_3_2_1_36_1.0
31_3_2_1_5_1.0
33_3_2_1_2_1.0
36_4_2_1_35_1.0
37_4_2_1_4_1.0
38_4_2_1_49_1.0
40_4_2_1_32_1.0
41_4_2_1_51_1.0
42_4_2_1_17_1.0
43_4_2_1_42_1.0
46_5_3_2_14_1.0
47_5_3_2_53_1.0
48_5_3_2_38_1.0
50_5_3_2_55_1.0
52_5_3_2_9_1.0
55_5_3_2_58_1.0
56_6_3_2_29_1.0
58_6_3_2_54_1.0
61_6_3_2_56_1.0
62_6_3_2_3_1.0
63_6_3_2_23_1.0
64_6_3_2_15_1.0
65_6_3_2_34_1.0
67_7_4_2_57_1.0
68_7_4_2_28_1.0
70_7_4_2_10_1.0
71_7_4_2_47_1.0
72_7_4_2_46_1.0
75_7_4_2_16_1.0
76_7_4_2_43_1.0
79_8_4_2_52_1.0
82_8_4_2_41_1.0
83_8_4_2_22_1.0
84_8_4_2_18_1.0
85_8_4_2_24_1.0
86_8_4_2_37_1.0
87_8_4_2_40_1.0
score_s_1_1_1_70.0
score_s_2_1_1_72.0
score_s_3_2_1_72.0
score_s_4_2_1_70.0
score_s_5_3_2_73.0
score_s_6_3_2_71.0
score_s_7_4_2_70.0
score_s_8_4_2_70.0
score_t_1_1_71.0
score_t_2_1_71.0
score_t_3_2_72.0
score_t_4_2_70.0
score_m_1_71.0
score_m_2_71.0
DURACION
3.0
13.0
14.0
10.0
3.0
4.0
12.0
12.0
4.0
7.0
11.0
13.0
9.0
11.0
15.0
8.0
15.0
12.0
15.0
7.0
9.0
7.0
15.0
9.0
7.0
14.0
15.0
6.0
9.0
9.0
10.0
8.0
15.0
15.0
5.0
7.0
12.0
4.0
4.0
6.0
7.0
10.0
9.0
9.0
4.0
12.0
15.0
15.0
10.0
10.0
8.0
3.0
5.0
5.0
4.0
15.0
3.0
10.0
5.0
8.0
8.0
4.0
15.0
3.0
7.0
15.0
9.0
5.0
12.0
10.0
4.0
8.0
9.0
14.0
9.0
13.0
5.0
9.0
9.0
9.0
4.0
14.0
9.0
13.0
13.0
6.0
4.0
4.0
VALOR
9.0
9.0
14.0
9.0
9.0
9.0
14.0
11.0
9.0
9.0
14.0
12.0
15.0
13.0
10.0
9.0
10.0
11.0
15.0
9.0
11.0
9.0
10.0
9.0
9.0
10.0
11.0
9.0
13.0
9.0
15.0
9.0
11.0
9.0
9.0
9.0
10.0
9.0
9.0
9.0
9.0
10.0
9.0
9.0
9.0
13.0
14.0
12.0
9.0
13.0
9.0
9.0
9.0
9.0
9.0
12.0
9.0
14.0
9.0
9.0
9.0
9.0
11.0
9.0
9.0
15.0
11.0
9.0
10.0
9.0
9.0
9.0
10.0
9.0
11.0
14.0
9.0
9.0
9.0
9.0
9.0
15.0
9.0
15.0
13.0
9.0
9.0
9.0
ESTRES
0.16682073221
0.0815622274467
0.144729583104
0.0353682265529
0.0523465512265
0.173242044128
0.156651578448
0.072950721017
0.124413573872
0.0944733561074
0.128072597116
0.166313294813
0.0989121375415
0.0463342359794
0.0622753631915
0.16984141698
0.0391692076309
0.00525053790698
0.134660598914
0.0398772156869
0.00409210211992
0.072509419986
0.133575320129
0.140929079692
0.010798862838
0.120089256217
0.197904449937
0.140051364426
0.0331446986814
0.10815696971
0.159169492603
0.103355880071
0.156082186379
0.0348409835627
0.0347012231745
0.173187089864
0.0583976398729
0.0413400762595
0.196576543813
0.0409422225399
0.14991758873
0.195806288753
0.0867575877857
0.00750917100224
0.198023643706
0.0938516718632
0.180313494147
0.108598392334
0.0653599160612
0.0890921053429
0.131565941168
0.0161509119906
0.00126441502159
0.149647642518
0.09203717441
0.129808900011
0.0186283749149
0.122116345931
0.465121238698
0.409964203715
0.498213515861
0.491940628671
0.437541208416
0.445497645438
0.444912442416
0.484855808994
0.433587150063
0.486192153506
0.430509925619
0.490495534706
0.417141332031
0.451868366005
0.429751393211
0.469158963528
0.44700639802
0.495918980905
0.44601977146
0.429732673103
0.411267698522
0.412259419523
0.451236164994
0.487581792178
0.434118849994
0.445305711667
0.431261898621
0.467929393989
0.402143161794
0.438734719003
