Valor Objetivo:834.253431013
Runtime:100.889322042
Gap:5.83966707311e-08
1_1_1_1_47_1.0
2_1_1_1_46_1.0
4_1_1_1_35_1.0
5_1_1_1_40_1.0
6_1_1_1_4_1.0
8_1_1_1_83_1.0
9_1_1_1_48_1.0
10_1_1_1_36_1.0
11_1_1_1_38_1.0
12_2_1_1_10_1.0
13_2_1_1_7_1.0
14_2_1_1_57_1.0
15_2_1_1_68_1.0
18_2_1_1_21_1.0
19_2_1_1_34_1.0
20_2_1_1_70_1.0
21_2_1_1_80_1.0
22_2_1_1_69_1.0
23_3_2_1_41_1.0
24_3_2_1_49_1.0
25_3_2_1_50_1.0
26_3_2_1_22_1.0
27_3_2_1_60_1.0
28_3_2_1_52_1.0
29_3_2_1_3_1.0
31_3_2_1_54_1.0
33_3_2_1_15_1.0
34_4_2_1_27_1.0
35_4_2_1_26_1.0
37_4_2_1_73_1.0
38_4_2_1_17_1.0
39_4_2_1_61_1.0
40_4_2_1_19_1.0
42_4_2_1_16_1.0
43_4_2_1_11_1.0
44_4_2_1_1_1.0
46_5_3_2_2_1.0
47_5_3_2_9_1.0
48_5_3_2_32_1.0
49_5_3_2_42_1.0
51_5_3_2_63_1.0
53_5_3_2_28_1.0
54_5_3_2_33_1.0
55_5_3_2_24_1.0
56_6_3_2_65_1.0
57_6_3_2_55_1.0
58_6_3_2_56_1.0
60_6_3_2_23_1.0
61_6_3_2_30_1.0
62_6_3_2_20_1.0
63_6_3_2_51_1.0
64_6_3_2_45_1.0
65_6_3_2_8_1.0
66_6_3_2_76_1.0
67_7_4_2_29_1.0
68_7_4_2_6_1.0
69_7_4_2_14_1.0
70_7_4_2_74_1.0
71_7_4_2_31_1.0
73_7_4_2_53_1.0
74_7_4_2_58_1.0
76_7_4_2_13_1.0
78_8_4_2_25_1.0
79_8_4_2_43_1.0
80_8_4_2_12_1.0
82_8_4_2_44_1.0
84_8_4_2_5_1.0
85_8_4_2_18_1.0
87_8_4_2_39_1.0
88_8_4_2_37_1.0
score_s_1_1_1_91.0
score_s_2_1_1_91.0
score_s_3_2_1_93.0
score_s_4_2_1_93.0
score_s_5_3_2_91.0
score_s_6_3_2_95.0
score_s_7_4_2_91.0
score_s_8_4_2_91.0
score_t_1_1_91.0
score_t_2_1_93.0
score_t_3_2_93.0
score_t_4_2_91.0
score_m_1_92.0
score_m_2_92.0
DURACION
9.0
15.0
12.0
6.0
9.0
3.0
12.0
15.0
11.0
15.0
6.0
3.0
15.0
11.0
12.0
8.0
7.0
11.0
11.0
13.0
9.0
11.0
10.0
3.0
9.0
10.0
13.0
5.0
10.0
9.0
8.0
7.0
5.0
9.0
13.0
13.0
15.0
12.0
5.0
7.0
14.0
15.0
11.0
13.0
9.0
4.0
5.0
10.0
13.0
3.0
6.0
11.0
4.0
7.0
10.0
3.0
13.0
13.0
6.0
5.0
12.0
8.0
14.0
14.0
9.0
9.0
8.0
9.0
5.0
7.0
12.0
9.0
12.0
12.0
13.0
10.0
15.0
14.0
12.0
11.0
10.0
5.0
15.0
8.0
4.0
15.0
8.0
3.0
VALOR
9.0
15.0
9.0
9.0
9.0
9.0
12.0
10.0
15.0
11.0
9.0
9.0
15.0
9.0
14.0
9.0
9.0
9.0
9.0
13.0
9.0
10.0
9.0
9.0
9.0
12.0
14.0
9.0
15.0
14.0
9.0
9.0
9.0
9.0
9.0
9.0
13.0
15.0
9.0
9.0
13.0
14.0
11.0
11.0
11.0
9.0
9.0
13.0
9.0
9.0
9.0
13.0
9.0
9.0
14.0
9.0
10.0
14.0
9.0
9.0
12.0
9.0
12.0
10.0
12.0
10.0
9.0
9.0
9.0
9.0
12.0
13.0
15.0
12.0
10.0
10.0
11.0
9.0
10.0
10.0
12.0
9.0
12.0
9.0
9.0
13.0
9.0
9.0
ESTRES
0.182979648098
0.0414585909321
0.0165585598814
0.194241571069
0.0324553130057
0.0970939129832
0.0478346994175
0.192185088353
0.174118701231
0.0689960007986
0.183222220938
0.171639994322
0.0769619812153
0.185823125706
0.0752899532037
0.0216215404916
0.194820038565
0.119283118672
0.13098403057
0.00305702019872
0.00059520159535
0.13233869718
0.095118855586
0.0506389937698
0.0210793266791
0.0679953204834
0.144161175213
0.084523967635
0.129415272848
0.0120260742828
0.074398976362
0.000548220578561
0.0238401191412
0.0421111909198
0.152129820079
0.0339597424527
0.0183512054739
0.0808236825032
0.166383248044
0.107784454542
0.0596099048845
0.163141451317
0.183324288424
0.135722327691
0.19940035324
0.175853967568
0.139445705025
0.0922492262415
0.0136517688554
0.183203038473
0.166446872458
0.0679730221147
0.00128827911743
0.12540686832
0.112437893115
0.0770793106407
0.170146449138
0.0465505450752
0.491858620384
0.448804588359
0.412942467773
0.49541833732
0.432423513472
0.45043340897
0.434988655984
0.495105579234
0.462979839633
0.42549067497
0.41906472853
0.409674345296
0.467943150618
0.499860801652
0.401682814757
0.40879282717
0.488343691243
0.408715999148
0.428870318481
0.422684722299
0.454727063368
0.406940903051
0.425426471212
0.418227445917
0.409464675178
0.465708171894
0.469773497587
0.408522664912
0.422037062572
0.420406790127
