Valor Objetivo:529.70591794
Runtime:903.641667128
Gap:0.00156819649507
1_1_1_1_32_1.0
3_1_1_1_34_1.0
4_1_1_1_15_1.0
5_1_1_1_14_1.0
6_1_1_1_88_1.0
7_1_1_1_13_1.0
8_1_1_1_7_1.0
10_1_1_1_20_1.0
11_1_1_1_57_1.0
12_2_1_1_81_1.0
13_2_1_1_54_1.0
14_2_1_1_9_1.0
16_2_1_1_1_1.0
17_2_1_1_55_1.0
18_2_1_1_51_1.0
19_2_1_1_52_1.0
20_2_1_1_45_1.0
23_3_2_1_23_1.0
24_3_2_1_65_1.0
25_3_2_1_12_1.0
26_3_2_1_43_1.0
27_3_2_1_10_1.0
28_3_2_1_28_1.0
30_3_2_1_58_1.0
33_3_2_1_5_1.0
34_4_2_1_35_1.0
37_4_2_1_44_1.0
38_4_2_1_18_1.0
39_4_2_1_2_1.0
40_4_2_1_25_1.0
41_4_2_1_6_1.0
44_4_2_1_24_1.0
45_5_3_2_46_1.0
46_5_3_2_42_1.0
47_5_3_2_19_1.0
48_5_3_2_49_1.0
50_5_3_2_33_1.0
51_5_3_2_36_1.0
53_5_3_2_40_1.0
54_5_3_2_27_1.0
56_6_3_2_56_1.0
57_6_3_2_3_1.0
58_6_3_2_50_1.0
60_6_3_2_53_1.0
61_6_3_2_17_1.0
62_6_3_2_21_1.0
65_6_3_2_37_1.0
66_6_3_2_29_1.0
67_7_4_2_39_1.0
68_7_4_2_8_1.0
69_7_4_2_38_1.0
71_7_4_2_26_1.0
74_7_4_2_22_1.0
75_7_4_2_64_1.0
76_7_4_2_16_1.0
78_8_4_2_41_1.0
79_8_4_2_11_1.0
80_8_4_2_78_1.0
81_8_4_2_48_1.0
82_8_4_2_30_1.0
83_8_4_2_4_1.0
87_8_4_2_31_1.0
88_8_4_2_47_1.0
score_s_1_1_1_87.0
score_s_2_1_1_85.0
score_s_3_2_1_87.0
score_s_4_2_1_85.0
score_s_5_3_2_85.0
score_s_6_3_2_85.0
score_s_7_4_2_85.0
score_s_8_4_2_89.0
score_t_1_1_86.0
score_t_2_1_86.0
score_t_3_2_85.0
score_t_4_2_87.0
score_m_1_86.0
score_m_2_86.0
DURACION
9.0
7.0
3.0
9.0
9.0
11.0
3.0
10.0
15.0
13.0
5.0
8.0
11.0
15.0
4.0
3.0
8.0
15.0
5.0
12.0
7.0
10.0
9.0
14.0
14.0
15.0
13.0
8.0
14.0
6.0
12.0
4.0
11.0
10.0
7.0
4.0
9.0
14.0
5.0
12.0
12.0
13.0
3.0
9.0
4.0
7.0
6.0
3.0
13.0
4.0
13.0
15.0
8.0
15.0
12.0
7.0
3.0
11.0
13.0
15.0
8.0
6.0
6.0
12.0
9.0
14.0
15.0
6.0
4.0
6.0
3.0
9.0
3.0
5.0
3.0
3.0
10.0
8.0
15.0
5.0
14.0
5.0
3.0
10.0
12.0
11.0
14.0
5.0
VALOR
9.0
9.0
9.0
9.0
13.0
13.0
9.0
9.0
12.0
10.0
9.0
9.0
13.0
12.0
9.0
9.0
9.0
11.0
9.0
15.0
9.0
11.0
9.0
9.0
13.0
15.0
15.0
9.0
15.0
9.0
14.0
9.0
13.0
14.0
9.0
9.0
9.0
13.0
9.0
11.0
13.0
10.0
9.0
9.0
9.0
9.0
9.0
9.0
11.0
9.0
9.0
15.0
9.0
15.0
14.0
9.0
9.0
15.0
11.0
15.0
9.0
9.0
9.0
13.0
9.0
15.0
15.0
9.0
9.0
9.0
9.0
12.0
9.0
9.0
9.0
9.0
15.0
9.0
9.0
9.0
13.0
9.0
9.0
14.0
12.0
10.0
10.0
9.0
ESTRES
0.0177993548252
0.0479983702642
0.176279537247
0.140239568669
0.0412669584861
0.0561508943553
0.0884088432116
0.0943175088266
0.12662463466
0.117590899745
0.147848226956
0.125795756691
0.154809024429
0.107352184029
0.112395039069
0.179601025255
0.0778518605775
0.0671752631175
0.135112597938
0.125414521097
0.074699717036
0.0507988360058
0.180532278248
0.110380680979
0.0997446732213
0.0804646035887
0.13921154302
0.0618929701646
0.105266396366
0.030387404049
0.137748456366
0.109419150419
0.116680545605
0.181146673018
0.0196850107568
0.0850286723199
0.018566010445
0.04892862798
0.0977814061335
0.186251266787
0.0787616917198
0.0956841667591
0.111384264139
0.114556920224
0.126000512296
0.191096317754
0.17413122714
0.0980850328042
0.0981609969172
0.130803042995
0.127079949555
0.00432094735827
0.110811975893
0.103243698407
0.162745809197
0.188806016588
0.0304312973872
0.0171358470966
0.439013428807
0.426631759134
0.474349016862
0.490104953531
0.442280062154
0.415074058921
0.404748100707
0.464542724588
0.42223510147
0.472668490205
0.420140514292
0.443081079963
0.428998546273
0.484600837773
0.424153383174
0.459204615546
0.478670178021
0.431289184553
0.472314559891
0.414604964649
0.482121402805
0.458468038066
0.417790238844
0.477398878493
0.422831474369
0.483328587393
0.458396811081
0.421283673597
0.443084775614
0.421356145299
