Valor Objetivo:627.41606104
Runtime:903.734264135
Gap:0.000419321544929
2_1_1_1_38_1.0
4_1_1_1_56_1.0
5_1_1_1_54_1.0
7_1_1_1_42_1.0
8_1_1_1_26_1.0
9_1_1_1_20_1.0
10_1_1_1_43_1.0
11_1_1_1_32_1.0
13_2_1_1_49_1.0
14_2_1_1_24_1.0
15_2_1_1_18_1.0
16_2_1_1_53_1.0
18_2_1_1_58_1.0
20_2_1_1_47_1.0
22_2_1_1_34_1.0
23_3_2_1_44_1.0
25_3_2_1_55_1.0
26_3_2_1_71_1.0
27_3_2_1_8_1.0
28_3_2_1_27_1.0
30_3_2_1_10_1.0
31_3_2_1_6_1.0
32_3_2_1_50_1.0
33_3_2_1_12_1.0
34_4_2_1_48_1.0
35_4_2_1_14_1.0
36_4_2_1_17_1.0
38_4_2_1_13_1.0
39_4_2_1_11_1.0
42_4_2_1_65_1.0
43_4_2_1_41_1.0
46_5_3_2_57_1.0
47_5_3_2_25_1.0
48_5_3_2_39_1.0
49_5_3_2_7_1.0
50_5_3_2_15_1.0
51_5_3_2_9_1.0
54_5_3_2_28_1.0
59_6_3_2_19_1.0
60_6_3_2_23_1.0
61_6_3_2_30_1.0
62_6_3_2_5_1.0
63_6_3_2_46_1.0
64_6_3_2_21_1.0
65_6_3_2_36_1.0
66_6_3_2_66_1.0
68_7_4_2_22_1.0
69_7_4_2_52_1.0
70_7_4_2_33_1.0
71_7_4_2_35_1.0
72_7_4_2_37_1.0
73_7_4_2_2_1.0
74_7_4_2_3_1.0
75_7_4_2_45_1.0
78_8_4_2_31_1.0
79_8_4_2_16_1.0
81_8_4_2_29_1.0
82_8_4_2_4_1.0
84_8_4_2_59_1.0
85_8_4_2_40_1.0
87_8_4_2_1_1.0
88_8_4_2_51_1.0
score_s_1_1_1_84.0
score_s_2_1_1_80.0
score_s_3_2_1_86.0
score_s_4_2_1_82.0
score_s_5_3_2_80.0
score_s_6_3_2_80.0
score_s_7_4_2_88.0
score_s_8_4_2_80.0
score_t_1_1_82.0
score_t_2_1_84.0
score_t_3_2_80.0
score_t_4_2_84.0
score_m_1_83.0
score_m_2_82.0
DURACION
3.0
9.0
12.0
13.0
3.0
14.0
9.0
4.0
8.0
10.0
14.0
3.0
10.0
5.0
4.0
13.0
5.0
15.0
13.0
12.0
5.0
11.0
5.0
12.0
8.0
4.0
3.0
14.0
14.0
9.0
11.0
8.0
14.0
5.0
9.0
13.0
10.0
6.0
9.0
7.0
15.0
3.0
6.0
3.0
7.0
4.0
9.0
8.0
14.0
14.0
13.0
8.0
5.0
13.0
12.0
5.0
12.0
5.0
13.0
9.0
8.0
11.0
9.0
9.0
11.0
4.0
5.0
15.0
11.0
13.0
8.0
4.0
14.0
6.0
5.0
11.0
3.0
7.0
14.0
3.0
5.0
11.0
13.0
14.0
9.0
14.0
7.0
9.0
VALOR
9.0
9.0
9.0
15.0
9.0
14.0
13.0
9.0
9.0
15.0
14.0
9.0
12.0
9.0
9.0
10.0
9.0
13.0
12.0
15.0
9.0
9.0
9.0
14.0
9.0
9.0
9.0
11.0
14.0
14.0
15.0
9.0
15.0
9.0
13.0
10.0
12.0
9.0
9.0
9.0
13.0
9.0
9.0
9.0
9.0
9.0
12.0
9.0
9.0
13.0
11.0
9.0
9.0
11.0
11.0
9.0
14.0
9.0
9.0
11.0
9.0
11.0
9.0
9.0
12.0
9.0
9.0
10.0
10.0
14.0
9.0
9.0
9.0
9.0
9.0
13.0
9.0
9.0
14.0
9.0
9.0
12.0
13.0
9.0
14.0
11.0
9.0
9.0
ESTRES
0.0966933865628
0.117814340718
0.0788171715668
0.109060561663
0.192353666605
0.196847819502
0.0816837587034
0.154836586594
0.153259559513
0.16925628491
0.0518453314211
0.166835941725
0.0829427556892
0.00933849314349
0.188500530587
0.0859263953069
0.0992323217042
0.0551463139409
0.192680442871
0.0787512429583
0.0936039008116
0.091626515203
0.151322420706
0.0696571417387
0.0253443720872
0.144753735202
0.117628557097
0.128013837549
0.142835530801
0.0353752548643
0.18143171055
0.154942686363
0.136693652509
0.153929853105
0.0195296385915
0.139550869042
0.102639503132
0.00486191116775
0.115776388786
0.137690951291
0.17247838262
0.101868500741
0.162114768335
0.104537382107
0.0911056213091
0.00687053470814
0.0793739237168
0.118703994139
0.185755114164
0.0612606625248
0.136545729544
0.151670718563
0.0438393187585
0.018653624575
0.0722384200455
0.00270379165071
0.0417598501279
0.0510664985446
0.413576339017
0.461906423444
0.457784607759
0.464491822349
0.433783070455
0.451247545673
0.410163493741
0.40180220403
0.463871475715
0.498799245371
0.457029286537
0.433505286769
0.402521268794
0.479369617536
0.469263926246
0.498758317161
0.432890663189
0.417597208352
0.494865455969
0.478138698465
0.474790425338
0.45352857148
0.418899935309
0.404947878106
0.431218541038
0.475158608957
0.453430986033
0.460256332158
0.464280048838
0.41587066453
