Valor Objetivo:567.434913033
Runtime:19.5054459572
Gap:0.0
1_1_1_1_37_1.0
2_1_1_1_46_1.0
3_1_1_1_1_1.0
4_1_1_1_52_1.0
5_1_1_1_43_1.0
7_1_1_1_57_1.0
9_1_1_1_30_1.0
14_2_1_1_19_1.0
16_2_1_1_7_1.0
17_2_1_1_17_1.0
19_2_1_1_34_1.0
20_2_1_1_35_1.0
21_2_1_1_11_1.0
22_2_1_1_13_1.0
25_3_2_1_8_1.0
27_3_2_1_50_1.0
28_3_2_1_53_1.0
31_3_2_1_6_1.0
32_3_2_1_10_1.0
33_3_2_1_18_1.0
34_4_2_1_28_1.0
35_4_2_1_51_1.0
37_4_2_1_55_1.0
38_4_2_1_44_1.0
40_4_2_1_24_1.0
41_4_2_1_26_1.0
42_4_2_1_23_1.0
43_4_2_1_22_1.0
46_5_3_2_31_1.0
47_5_3_2_2_1.0
48_5_3_2_21_1.0
51_5_3_2_39_1.0
53_5_3_2_4_1.0
55_5_3_2_38_1.0
58_6_3_2_16_1.0
60_6_3_2_41_1.0
61_6_3_2_14_1.0
62_6_3_2_56_1.0
63_6_3_2_12_1.0
64_6_3_2_25_1.0
66_6_3_2_32_1.0
67_7_4_2_54_1.0
68_7_4_2_36_1.0
70_7_4_2_29_1.0
71_7_4_2_27_1.0
74_7_4_2_49_1.0
75_7_4_2_20_1.0
76_7_4_2_42_1.0
78_8_4_2_48_1.0
79_8_4_2_3_1.0
82_8_4_2_5_1.0
83_8_4_2_33_1.0
84_8_4_2_40_1.0
86_8_4_2_15_1.0
87_8_4_2_9_1.0
score_s_1_1_1_72.0
score_s_2_1_1_72.0
score_s_3_2_1_72.0
score_s_4_2_1_76.0
score_s_5_3_2_70.0
score_s_6_3_2_70.0
score_s_7_4_2_73.0
score_s_8_4_2_71.0
score_t_1_1_72.0
score_t_2_1_74.0
score_t_3_2_70.0
score_t_4_2_72.0
score_m_1_73.0
score_m_2_71.0
DURACION
8.0
9.0
7.0
10.0
15.0
11.0
9.0
10.0
11.0
13.0
10.0
9.0
5.0
15.0
12.0
9.0
5.0
3.0
14.0
10.0
14.0
4.0
5.0
14.0
10.0
9.0
6.0
7.0
5.0
11.0
8.0
4.0
12.0
8.0
9.0
11.0
9.0
8.0
9.0
11.0
6.0
3.0
7.0
9.0
7.0
10.0
3.0
13.0
14.0
7.0
10.0
8.0
6.0
13.0
11.0
15.0
9.0
7.0
12.0
8.0
15.0
3.0
15.0
3.0
6.0
10.0
9.0
8.0
13.0
8.0
9.0
6.0
4.0
8.0
15.0
6.0
12.0
9.0
10.0
9.0
14.0
7.0
9.0
11.0
9.0
10.0
11.0
9.0
VALOR
9.0
9.0
9.0
9.0
12.0
13.0
9.0
11.0
9.0
9.0
11.0
9.0
9.0
11.0
9.0
9.0
9.0
9.0
13.0
13.0
13.0
9.0
9.0
9.0
12.0
9.0
9.0
9.0
9.0
15.0
9.0
9.0
9.0
9.0
14.0
12.0
9.0
9.0
12.0
15.0
9.0
9.0
9.0
10.0
9.0
11.0
9.0
15.0
11.0
9.0
13.0
9.0
9.0
10.0
9.0
10.0
9.0
9.0
12.0
9.0
13.0
9.0
11.0
9.0
9.0
15.0
12.0
9.0
14.0
9.0
9.0
9.0
9.0
9.0
14.0
9.0
12.0
9.0
15.0
9.0
13.0
9.0
9.0
14.0
15.0
12.0
13.0
9.0
ESTRES
0.11989561405
0.143887809517
0.118582628462
0.0690487819083
0.0621810364986
0.158115794923
0.0644538838292
0.147402163184
0.124726782703
0.0977531764643
0.0715462737021
0.0586294089371
0.0914814067366
0.0830314254111
0.125078910175
0.130186730224
0.0443050029153
0.122775951301
0.158035162962
0.0808721525926
0.128482053769
0.123848924121
0.0738825432907
0.154978042321
0.0955800161369
0.132113995273
0.0383038165627
0.0651013596235
0.141678012117
0.135080776093
0.170354152234
0.0565805920076
0.183565791553
0.0789091739106
0.1874313024
0.0612972810417
0.154318099875
0.178219083675
0.0475656461415
0.18250712822
0.157766325695
0.167220936257
0.181772473592
0.0584587615503
0.198400977971
0.0247114321681
0.185373452017
0.122090547869
0.123507218736
0.02925962791
0.16335856254
0.0583221760333
0.0226393291834
0.0113482461528
0.080044320617
0.15379277827
0.0800426705123
0.186912498016
0.492825276937
0.439284124385
0.401814189476
0.481028793706
0.477474390345
0.469845890518
0.477781111572
0.420382708121
0.479996782192
0.409637137848
0.486929799375
0.413537119817
0.456561219581
0.453444556955
0.426230345051
0.440125636449
0.422542656204
0.483567697061
0.45460553146
0.490361158499
0.402040214581
0.48897680945
0.460215944187
0.484601740995
0.481144194967
0.436405962649
0.425801772486
0.414374992276
0.452218030141
0.414841668763
