Valor Objetivo:429.783400642
Runtime:903.513781071
Gap:0.0129099884986
1_1_1_1_77_1.0
2_1_1_1_33_1.0
3_1_1_1_72_1.0
5_1_1_1_62_1.0
6_1_1_1_73_1.0
7_1_1_1_36_1.0
10_1_1_1_69_1.0
11_1_1_1_56_1.0
12_2_1_1_68_1.0
13_2_1_1_75_1.0
14_2_1_1_54_1.0
15_2_1_1_78_1.0
17_2_1_1_43_1.0
19_2_1_1_53_1.0
20_2_1_1_67_1.0
22_2_1_1_65_1.0
23_3_2_1_61_1.0
24_3_2_1_38_1.0
25_3_2_1_41_1.0
27_3_2_1_60_1.0
28_3_2_1_63_1.0
29_3_2_1_66_1.0
31_3_2_1_80_1.0
33_3_2_1_64_1.0
34_4_2_1_76_1.0
35_4_2_1_34_1.0
36_4_2_1_37_1.0
39_4_2_1_31_1.0
40_4_2_1_44_1.0
41_4_2_1_85_1.0
42_4_2_1_87_1.0
46_5_3_2_74_1.0
47_5_3_2_49_1.0
48_5_3_2_82_1.0
49_5_3_2_71_1.0
50_5_3_2_83_1.0
51_5_3_2_51_1.0
53_5_3_2_46_1.0
54_5_3_2_55_1.0
57_6_3_2_70_1.0
58_6_3_2_30_1.0
60_6_3_2_40_1.0
61_6_3_2_81_1.0
62_6_3_2_57_1.0
65_6_3_2_35_1.0
66_6_3_2_47_1.0
67_7_4_2_58_1.0
69_7_4_2_88_1.0
70_7_4_2_48_1.0
72_7_4_2_86_1.0
75_7_4_2_50_1.0
76_7_4_2_45_1.0
77_7_4_2_59_1.0
78_8_4_2_42_1.0
79_8_4_2_32_1.0
81_8_4_2_79_1.0
83_8_4_2_25_1.0
84_8_4_2_39_1.0
86_8_4_2_52_1.0
88_8_4_2_84_1.0
score_s_1_1_1_72.0
score_s_2_1_1_78.0
score_s_3_2_1_72.0
score_s_4_2_1_70.0
score_s_5_3_2_77.0
score_s_6_3_2_71.0
score_s_7_4_2_70.0
score_s_8_4_2_70.0
score_t_1_1_75.0
score_t_2_1_71.0
score_t_3_2_74.0
score_t_4_2_70.0
score_m_1_73.0
score_m_2_72.0
DURACION
7.0
14.0
5.0
9.0
13.0
15.0
6.0
6.0
15.0
13.0
14.0
10.0
3.0
3.0
3.0
9.0
6.0
14.0
6.0
9.0
12.0
15.0
3.0
6.0
9.0
6.0
7.0
13.0
13.0
11.0
8.0
3.0
9.0
12.0
11.0
3.0
4.0
8.0
4.0
7.0
5.0
8.0
9.0
4.0
5.0
8.0
4.0
7.0
3.0
11.0
7.0
7.0
11.0
9.0
12.0
9.0
12.0
9.0
15.0
15.0
11.0
5.0
10.0
10.0
10.0
5.0
3.0
8.0
9.0
12.0
12.0
4.0
9.0
5.0
4.0
9.0
12.0
13.0
7.0
6.0
15.0
7.0
11.0
6.0
3.0
4.0
15.0
5.0
VALOR
9.0
9.0
9.0
9.0
10.0
9.0
9.0
9.0
9.0
13.0
9.0
13.0
9.0
9.0
9.0
9.0
9.0
10.0
9.0
12.0
14.0
10.0
9.0
9.0
9.0
9.0
9.0
11.0
9.0
13.0
9.0
9.0
15.0
13.0
9.0
9.0
9.0
9.0
9.0
9.0
9.0
9.0
9.0
9.0
9.0
9.0
9.0
9.0
9.0
9.0
9.0
9.0
10.0
9.0
10.0
9.0
13.0
9.0
12.0
9.0
10.0
9.0
11.0
10.0
14.0
9.0
9.0
9.0
10.0
10.0
13.0
9.0
10.0
9.0
9.0
9.0
11.0
11.0
9.0
9.0
12.0
9.0
9.0
9.0
9.0
9.0
12.0
9.0
ESTRES
0.486471387895
0.429605648788
0.40199720873
0.460333371116
0.472456193854
0.427978847087
0.437148239478
0.455586840563
0.456214122564
0.478362187732
0.475627625951
0.429533792157
0.496969232506
0.444483401829
0.422993674249
0.498370691544
0.430985968087
0.478796905518
0.492500945315
0.4389952576
0.422957650177
0.459300571848
0.482332199878
0.475575086053
0.415335565276
0.459133950294
0.426586620068
0.464961350913
0.472154171459
0.0903651805094
0.0646134116554
0.086843775606
0.0992375700709
0.00154190811073
0.184383177303
0.134937509004
0.160951162693
0.147992217475
0.0981765576955
0.172916702535
0.156323161935
0.103640084121
0.18640869664
0.152401959413
0.0823468480369
0.109284159315
0.0531231716899
0.0453522118559
0.132974792581
0.0252392537595
0.181516145525
0.00783184210693
0.10628016608
0.108142346679
0.154004568524
0.124898669529
0.0511580274393
0.134246868573
0.185249413535
0.155789756213
0.0739366056238
0.155683847761
0.0941175231896
0.105984537298
0.108079003146
0.176632863153
0.16885437221
0.0408991242359
0.128190183143
0.0749068606889
0.0970185972693
0.176114395359
0.124436717428
0.186790649835
0.0231755528886
0.189840619788
0.12464410016
0.147407859879
0.0426183770892
0.115723551991
0.0624640102473
0.0919227051929
0.029208885821
0.190031006919
0.158540358308
0.0507692816793
0.180356357916
0.158473992662
