Valor Objetivo:683.213461159
Runtime:35.6687819958
Gap:7.74706949704e-08
1_1_1_1_2_1.0
2_1_1_1_40_1.0
3_1_1_1_25_1.0
4_1_1_1_65_1.0
5_1_1_1_14_1.0
6_1_1_1_59_1.0
7_1_1_1_15_1.0
8_1_1_1_78_1.0
9_1_1_1_77_1.0
10_1_1_1_7_1.0
11_1_1_1_5_1.0
12_2_1_1_32_1.0
13_2_1_1_63_1.0
14_2_1_1_67_1.0
15_2_1_1_74_1.0
16_2_1_1_47_1.0
17_2_1_1_24_1.0
18_2_1_1_33_1.0
19_2_1_1_72_1.0
20_2_1_1_21_1.0
21_2_1_1_34_1.0
22_2_1_1_60_1.0
23_3_2_1_88_1.0
24_3_2_1_9_1.0
25_3_2_1_27_1.0
26_3_2_1_70_1.0
27_3_2_1_17_1.0
28_3_2_1_36_1.0
29_3_2_1_20_1.0
30_3_2_1_75_1.0
31_3_2_1_51_1.0
32_3_2_1_54_1.0
33_3_2_1_41_1.0
34_4_2_1_13_1.0
35_4_2_1_86_1.0
36_4_2_1_10_1.0
37_4_2_1_81_1.0
38_4_2_1_55_1.0
39_4_2_1_85_1.0
40_4_2_1_11_1.0
41_4_2_1_8_1.0
42_4_2_1_43_1.0
43_4_2_1_37_1.0
44_4_2_1_57_1.0
45_5_3_2_30_1.0
46_5_3_2_18_1.0
47_5_3_2_84_1.0
48_5_3_2_56_1.0
49_5_3_2_38_1.0
50_5_3_2_31_1.0
51_5_3_2_28_1.0
52_5_3_2_79_1.0
53_5_3_2_87_1.0
54_5_3_2_12_1.0
55_5_3_2_68_1.0
56_6_3_2_42_1.0
57_6_3_2_73_1.0
58_6_3_2_3_1.0
59_6_3_2_6_1.0
60_6_3_2_19_1.0
61_6_3_2_69_1.0
63_6_3_2_50_1.0
64_6_3_2_83_1.0
65_6_3_2_26_1.0
66_6_3_2_46_1.0
67_7_4_2_35_1.0
68_7_4_2_39_1.0
69_7_4_2_76_1.0
70_7_4_2_53_1.0
71_7_4_2_71_1.0
72_7_4_2_80_1.0
73_7_4_2_66_1.0
74_7_4_2_82_1.0
75_7_4_2_45_1.0
76_7_4_2_62_1.0
77_7_4_2_22_1.0
78_8_4_2_4_1.0
79_8_4_2_1_1.0
80_8_4_2_49_1.0
81_8_4_2_64_1.0
82_8_4_2_58_1.0
83_8_4_2_16_1.0
84_8_4_2_44_1.0
85_8_4_2_52_1.0
86_8_4_2_61_1.0
87_8_4_2_48_1.0
88_8_4_2_23_1.0
score_s_1_1_1_105.0
score_s_2_1_1_111.0
score_s_3_2_1_104.0
score_s_4_2_1_108.0
score_s_5_3_2_108.0
score_s_6_3_2_100.0
score_s_7_4_2_107.0
score_s_8_4_2_109.0
score_t_1_1_108.0
score_t_2_1_106.0
score_t_3_2_104.0
score_t_4_2_108.0
score_m_1_107.0
score_m_2_106.0
DURACION
7.0
14.0
5.0
9.0
13.0
15.0
6.0
6.0
15.0
13.0
14.0
10.0
3.0
3.0
3.0
9.0
6.0
14.0
6.0
9.0
12.0
15.0
3.0
6.0
9.0
6.0
7.0
13.0
13.0
11.0
8.0
3.0
9.0
12.0
11.0
3.0
4.0
8.0
4.0
7.0
5.0
8.0
9.0
4.0
5.0
8.0
4.0
7.0
3.0
11.0
7.0
7.0
11.0
9.0
12.0
9.0
12.0
9.0
15.0
15.0
11.0
5.0
10.0
10.0
10.0
5.0
3.0
8.0
9.0
12.0
12.0
4.0
9.0
5.0
4.0
9.0
12.0
13.0
7.0
6.0
15.0
7.0
11.0
6.0
3.0
4.0
15.0
5.0
VALOR
9.0
9.0
9.0
9.0
10.0
9.0
9.0
9.0
9.0
13.0
9.0
13.0
9.0
9.0
9.0
9.0
9.0
10.0
9.0
12.0
14.0
10.0
9.0
9.0
9.0
9.0
9.0
11.0
9.0
13.0
9.0
9.0
15.0
13.0
9.0
9.0
9.0
9.0
9.0
9.0
9.0
9.0
9.0
9.0
9.0
9.0
9.0
9.0
9.0
9.0
9.0
9.0
10.0
9.0
10.0
9.0
13.0
9.0
12.0
9.0
10.0
9.0
11.0
10.0
14.0
9.0
9.0
9.0
10.0
10.0
13.0
9.0
10.0
9.0
9.0
9.0
11.0
11.0
9.0
9.0
12.0
9.0
9.0
9.0
9.0
9.0
12.0
9.0
ESTRES
0.486471387895
0.429605648788
0.40199720873
0.460333371116
0.472456193854
0.427978847087
0.437148239478
0.455586840563
0.456214122564
0.478362187732
0.475627625951
0.429533792157
0.496969232506
0.444483401829
0.422993674249
0.498370691544
0.430985968087
0.478796905518
0.492500945315
0.4389952576
0.422957650177
0.459300571848
0.482332199878
0.475575086053
0.415335565276
0.459133950294
0.426586620068
0.464961350913
0.472154171459
0.0903651805094
0.0646134116554
0.086843775606
0.0992375700709
0.00154190811073
0.184383177303
0.134937509004
0.160951162693
0.147992217475
0.0981765576955
0.172916702535
0.156323161935
0.103640084121
0.18640869664
0.152401959413
0.0823468480369
0.109284159315
0.0531231716899
0.0453522118559
0.132974792581
0.0252392537595
0.181516145525
0.00783184210693
0.10628016608
0.108142346679
0.154004568524
0.124898669529
0.0511580274393
0.134246868573
0.185249413535
0.155789756213
0.0739366056238
0.155683847761
0.0941175231896
0.105984537298
0.108079003146
0.176632863153
0.16885437221
0.0408991242359
0.128190183143
0.0749068606889
0.0970185972693
0.176114395359
0.124436717428
0.186790649835
0.0231755528886
0.189840619788
0.12464410016
0.147407859879
0.0426183770892
0.115723551991
0.0624640102473
0.0919227051929
0.029208885821
0.190031006919
0.158540358308
0.0507692816793
0.180356357916
0.158473992662
