Valor Objetivo:531.971897646
Runtime:24.1860601902
Gap:0.0
2_1_1_1_52_1.0
4_1_1_1_8_1.0
5_1_1_1_71_1.0
6_1_1_1_86_1.0
7_1_1_1_50_1.0
8_1_1_1_51_1.0
9_1_1_1_19_1.0
10_1_1_1_60_1.0
11_1_1_1_87_1.0
12_2_1_1_58_1.0
14_2_1_1_57_1.0
15_2_1_1_37_1.0
16_2_1_1_45_1.0
17_2_1_1_39_1.0
18_2_1_1_22_1.0
20_2_1_1_24_1.0
21_2_1_1_31_1.0
22_2_1_1_33_1.0
24_3_2_1_54_1.0
25_3_2_1_44_1.0
26_3_2_1_29_1.0
28_3_2_1_66_1.0
29_3_2_1_77_1.0
30_3_2_1_81_1.0
31_3_2_1_59_1.0
32_3_2_1_32_1.0
34_4_2_1_55_1.0
35_4_2_1_53_1.0
37_4_2_1_76_1.0
40_4_2_1_14_1.0
41_4_2_1_70_1.0
42_4_2_1_27_1.0
43_4_2_1_62_1.0
44_4_2_1_40_1.0
45_5_3_2_48_1.0
47_5_3_2_34_1.0
48_5_3_2_68_1.0
49_5_3_2_84_1.0
50_5_3_2_30_1.0
51_5_3_2_35_1.0
52_5_3_2_85_1.0
53_5_3_2_36_1.0
55_5_3_2_72_1.0
58_6_3_2_56_1.0
59_6_3_2_88_1.0
60_6_3_2_69_1.0
61_6_3_2_65_1.0
63_6_3_2_78_1.0
64_6_3_2_47_1.0
65_6_3_2_43_1.0
66_6_3_2_73_1.0
67_7_4_2_63_1.0
68_7_4_2_38_1.0
69_7_4_2_79_1.0
71_7_4_2_49_1.0
72_7_4_2_80_1.0
75_7_4_2_41_1.0
76_7_4_2_82_1.0
77_7_4_2_46_1.0
78_8_4_2_42_1.0
79_8_4_2_75_1.0
80_8_4_2_83_1.0
81_8_4_2_20_1.0
83_8_4_2_61_1.0
84_8_4_2_74_1.0
85_8_4_2_67_1.0
88_8_4_2_64_1.0
score_s_1_1_1_89.0
score_s_2_1_1_87.0
score_s_3_2_1_87.0
score_s_4_2_1_89.0
score_s_5_3_2_85.0
score_s_6_3_2_87.0
score_s_7_4_2_87.0
score_s_8_4_2_85.0
score_t_1_1_88.0
score_t_2_1_88.0
score_t_3_2_86.0
score_t_4_2_86.0
score_m_1_88.0
score_m_2_86.0
DURACION
10.0
4.0
11.0
8.0
3.0
4.0
9.0
14.0
5.0
6.0
15.0
12.0
10.0
7.0
5.0
15.0
15.0
9.0
10.0
8.0
9.0
4.0
12.0
6.0
12.0
9.0
6.0
10.0
15.0
9.0
12.0
14.0
10.0
3.0
7.0
6.0
15.0
12.0
7.0
4.0
11.0
11.0
14.0
3.0
9.0
4.0
3.0
9.0
11.0
9.0
5.0
9.0
14.0
8.0
10.0
13.0
10.0
4.0
6.0
6.0
4.0
5.0
3.0
15.0
4.0
9.0
10.0
7.0
10.0
3.0
14.0
3.0
15.0
14.0
14.0
10.0
7.0
11.0
11.0
9.0
4.0
4.0
8.0
7.0
5.0
15.0
9.0
9.0
VALOR
15.0
9.0
15.0
9.0
9.0
9.0
11.0
13.0
9.0
9.0
14.0
15.0
10.0
9.0
9.0
11.0
13.0
9.0
11.0
9.0
9.0
9.0
14.0
9.0
13.0
9.0
9.0
9.0
9.0
9.0
12.0
15.0
9.0
9.0
9.0
9.0
11.0
11.0
9.0
9.0
14.0
12.0
13.0
9.0
9.0
9.0
9.0
11.0
10.0
9.0
9.0
9.0
15.0
9.0
11.0
15.0
15.0
9.0
9.0
9.0
9.0
9.0
9.0
14.0
9.0
11.0
15.0
9.0
11.0
9.0
14.0
9.0
14.0
15.0
11.0
11.0
9.0
11.0
10.0
9.0
9.0
9.0
9.0
9.0
9.0
14.0
9.0
9.0
ESTRES
0.497402776829
0.428361707817
0.479667142282
0.438487053016
0.476546488661
0.459879758399
0.428993385996
0.416475168283
0.463432378528
0.450351259819
0.456599530438
0.47821175559
0.487465193247
0.417648373504
0.430870629855
0.459507573405
0.473817433969
0.435747711287
0.404091526053
0.413758924508
0.438135639328
0.435813546676
0.465631091332
0.411433929194
0.445480982864
0.44870880664
0.426988539964
0.449834414818
0.423456617521
0.0684050677679
0.154736935675
0.0705053303195
0.176857904998
0.0508142299423
0.135116484567
0.085401753908
0.131899030525
0.11614411767
0.127260925355
0.189050146655
0.000795375347592
0.135498245128
0.109105520897
0.115751572616
0.132757148017
0.0378347365568
0.131846511077
0.104103827436
0.0495721738426
0.100831282206
0.00749693881624
0.151096675921
0.0738282387066
0.0318466816427
0.0595649424007
0.121628844432
0.182697737487
0.0653791944682
0.179397190737
0.0914447693848
0.00764959579508
0.0683260561088
0.117957247866
0.154896467149
0.108296666538
0.0119612510723
0.187930578396
0.157942585456
0.0125830174654
0.0467664090329
0.149807479025
0.171114933674
0.032916500539
0.0409187687735
0.0720170408559
0.052978689915
0.00619816369635
0.131866527355
0.10923522182
0.16662454941
0.149227770418
0.000121861912055
0.0542183144014
0.113529122818
0.107002112651
0.0947645882052
0.108795620487
0.0101851196455
