Valor Objetivo:610.668613434
Runtime:267.496958971
Gap:0.0
1_1_1_1_64_1.0
3_1_1_1_80_1.0
6_1_1_1_85_1.0
8_1_1_1_53_1.0
9_1_1_1_32_1.0
10_1_1_1_71_1.0
11_1_1_1_47_1.0
12_2_1_1_41_1.0
15_2_1_1_82_1.0
17_2_1_1_50_1.0
18_2_1_1_34_1.0
19_2_1_1_67_1.0
20_2_1_1_68_1.0
22_2_1_1_65_1.0
23_3_2_1_54_1.0
24_3_2_1_86_1.0
26_3_2_1_58_1.0
27_3_2_1_43_1.0
28_3_2_1_74_1.0
30_3_2_1_88_1.0
31_3_2_1_40_1.0
33_3_2_1_30_1.0
35_4_2_1_42_1.0
36_4_2_1_57_1.0
37_4_2_1_35_1.0
38_4_2_1_39_1.0
39_4_2_1_72_1.0
41_4_2_1_49_1.0
43_4_2_1_52_1.0
46_5_3_2_79_1.0
47_5_3_2_51_1.0
48_5_3_2_44_1.0
49_5_3_2_46_1.0
51_5_3_2_59_1.0
52_5_3_2_45_1.0
54_5_3_2_87_1.0
55_5_3_2_84_1.0
56_6_3_2_1_1.0
58_6_3_2_73_1.0
59_6_3_2_70_1.0
61_6_3_2_81_1.0
62_6_3_2_78_1.0
63_6_3_2_60_1.0
64_6_3_2_36_1.0
66_6_3_2_38_1.0
67_7_4_2_37_1.0
68_7_4_2_75_1.0
69_7_4_2_62_1.0
70_7_4_2_63_1.0
71_7_4_2_56_1.0
75_7_4_2_76_1.0
76_7_4_2_69_1.0
78_8_4_2_77_1.0
79_8_4_2_83_1.0
80_8_4_2_66_1.0
81_8_4_2_31_1.0
82_8_4_2_33_1.0
83_8_4_2_61_1.0
85_8_4_2_55_1.0
87_8_4_2_48_1.0
score_s_1_1_1_77.0
score_s_2_1_1_75.0
score_s_3_2_1_77.0
score_s_4_2_1_75.0
score_s_5_3_2_77.0
score_s_6_3_2_81.0
score_s_7_4_2_75.0
score_s_8_4_2_79.0
score_t_1_1_76.0
score_t_2_1_76.0
score_t_3_2_79.0
score_t_4_2_77.0
score_m_1_76.0
score_m_2_78.0
DURACION
4.0
8.0
8.0
5.0
7.0
6.0
7.0
7.0
7.0
13.0
14.0
7.0
6.0
13.0
11.0
15.0
11.0
13.0
9.0
5.0
13.0
12.0
14.0
5.0
7.0
11.0
9.0
7.0
14.0
11.0
5.0
10.0
8.0
8.0
7.0
11.0
9.0
6.0
14.0
9.0
13.0
13.0
7.0
14.0
11.0
4.0
4.0
13.0
10.0
10.0
13.0
6.0
12.0
9.0
5.0
6.0
13.0
6.0
8.0
9.0
14.0
11.0
5.0
10.0
5.0
9.0
8.0
7.0
3.0
8.0
3.0
12.0
11.0
4.0
6.0
5.0
10.0
14.0
9.0
9.0
12.0
11.0
11.0
9.0
7.0
9.0
4.0
15.0
VALOR
9.0
9.0
9.0
9.0
9.0
9.0
9.0
9.0
9.0
11.0
12.0
9.0
9.0
10.0
9.0
13.0
13.0
14.0
9.0
9.0
11.0
14.0
13.0
9.0
9.0
14.0
9.0
9.0
10.0
9.0
9.0
9.0
9.0
9.0
9.0
15.0
14.0
9.0
9.0
9.0
11.0
12.0
9.0
11.0
12.0
9.0
9.0
12.0
9.0
11.0
14.0
9.0
15.0
9.0
9.0
9.0
15.0
9.0
9.0
14.0
14.0
11.0
9.0
11.0
9.0
9.0
9.0
9.0
9.0
9.0
9.0
10.0
15.0
9.0
9.0
9.0
9.0
10.0
9.0
14.0
13.0
11.0
10.0
9.0
9.0
9.0
9.0
14.0
ESTRES
0.453372177342
0.454846441973
0.47041335481
0.40470406588
0.486050081433
0.402413360212
0.44977983891
0.465758150551
0.405576669857
0.476667482758
0.426549118308
0.412105041079
0.490754779606
0.412482045308
0.402925818329
0.460750077856
0.434439800062
0.422594136178
0.495992229212
0.425962968764
0.463279689398
0.485903189148
0.411118306486
0.499469813478
0.455851419798
0.409432614699
0.421437411486
0.458271397995
0.480555171337
0.19343801243
0.136987955553
0.191750838857
0.0882004534177
0.192449567829
0.14021053285
0.0773690542803
0.0742587771298
0.131384570559
0.194387704725
0.090657876844
0.0302810200177
0.0346299526088
0.015317980706
0.17314976002
0.196377697337
0.186117439824
0.0517663030653
0.0217330237399
0.0218149564778
0.0502889383209
0.106892746945
0.184129757209
0.160447367354
0.117852347523
0.0335123610288
0.169703655277
0.0749775416907
0.14462655352
0.132917031305
0.10586679842
0.0488393753819
0.0850435710769
0.0218710647825
0.0302523343102
0.18228353438
0.164528230845
0.152075922398
0.19088273118
0.0291564753347
0.118940160978
0.0469776825611
0.0938635878531
0.132403746357
0.124031682884
0.10460695684
0.188750128842
0.0799065173461
0.0359606352705
0.145450532761
0.139480028807
0.161405969589
0.158451056182
0.19602542386
0.00577511416392
0.135465278545
0.091727796437
0.169517179939
0.0959161386672
