Valor Objetivo:646.612213072
Runtime:251.085781813
Gap:0.0
1_1_1_1_72_1.0
3_1_1_1_76_1.0
5_1_1_1_53_1.0
6_1_1_1_60_1.0
7_1_1_1_45_1.0
8_1_1_1_63_1.0
9_1_1_1_54_1.0
10_1_1_1_83_1.0
12_2_1_1_47_1.0
13_2_1_1_70_1.0
17_2_1_1_74_1.0
18_2_1_1_46_1.0
19_2_1_1_67_1.0
20_2_1_1_61_1.0
21_2_1_1_49_1.0
22_2_1_1_38_1.0
24_3_2_1_82_1.0
25_3_2_1_6_1.0
26_3_2_1_48_1.0
27_3_2_1_7_1.0
29_3_2_1_68_1.0
30_3_2_1_32_1.0
31_3_2_1_57_1.0
32_3_2_1_62_1.0
34_4_2_1_59_1.0
35_4_2_1_78_1.0
36_4_2_1_3_1.0
37_4_2_1_1_1.0
39_4_2_1_77_1.0
40_4_2_1_5_1.0
41_4_2_1_42_1.0
42_4_2_1_39_1.0
45_5_3_2_43_1.0
47_5_3_2_66_1.0
48_5_3_2_64_1.0
50_5_3_2_81_1.0
51_5_3_2_58_1.0
52_5_3_2_31_1.0
53_5_3_2_65_1.0
54_5_3_2_35_1.0
55_5_3_2_56_1.0
56_6_3_2_36_1.0
57_6_3_2_80_1.0
59_6_3_2_51_1.0
60_6_3_2_40_1.0
61_6_3_2_50_1.0
62_6_3_2_8_1.0
63_6_3_2_87_1.0
64_6_3_2_4_1.0
65_6_3_2_84_1.0
67_7_4_2_55_1.0
68_7_4_2_41_1.0
69_7_4_2_33_1.0
71_7_4_2_71_1.0
72_7_4_2_34_1.0
75_7_4_2_73_1.0
76_7_4_2_37_1.0
77_7_4_2_9_1.0
78_8_4_2_2_1.0
79_8_4_2_44_1.0
81_8_4_2_10_1.0
82_8_4_2_52_1.0
84_8_4_2_75_1.0
85_8_4_2_86_1.0
87_8_4_2_69_1.0
88_8_4_2_30_1.0
score_s_1_1_1_80.0
score_s_2_1_1_82.0
score_s_3_2_1_83.0
score_s_4_2_1_83.0
score_s_5_3_2_87.0
score_s_6_3_2_81.0
score_s_7_4_2_83.0
score_s_8_4_2_81.0
score_t_1_1_81.0
score_t_2_1_83.0
score_t_3_2_84.0
score_t_4_2_82.0
score_m_1_82.0
score_m_2_83.0
DURACION
13.0
13.0
9.0
15.0
6.0
10.0
9.0
6.0
8.0
12.0
8.0
12.0
13.0
8.0
15.0
8.0
7.0
9.0
3.0
3.0
10.0
9.0
4.0
13.0
8.0
15.0
12.0
5.0
9.0
7.0
15.0
15.0
6.0
3.0
11.0
9.0
7.0
15.0
6.0
7.0
6.0
8.0
14.0
4.0
14.0
10.0
3.0
8.0
4.0
8.0
15.0
5.0
13.0
3.0
6.0
12.0
9.0
3.0
5.0
3.0
9.0
9.0
11.0
5.0
4.0
5.0
13.0
14.0
9.0
7.0
6.0
8.0
5.0
13.0
7.0
10.0
4.0
10.0
10.0
4.0
9.0
15.0
9.0
3.0
10.0
14.0
7.0
4.0
VALOR
14.0
10.0
15.0
9.0
9.0
13.0
11.0
9.0
9.0
14.0
9.0
9.0
10.0
9.0
15.0
9.0
9.0
14.0
9.0
9.0
9.0
9.0
9.0
11.0
9.0
11.0
10.0
9.0
9.0
9.0
14.0
10.0
9.0
9.0
14.0
9.0
9.0
14.0
9.0
9.0
9.0
9.0
9.0
9.0
14.0
11.0
9.0
9.0
9.0
9.0
10.0
9.0
10.0
9.0
9.0
10.0
9.0
9.0
9.0
9.0
15.0
9.0
13.0
9.0
9.0
9.0
15.0
11.0
9.0
9.0
9.0
9.0
9.0
15.0
9.0
13.0
9.0
9.0
12.0
9.0
11.0
10.0
9.0
9.0
9.0
14.0
9.0
9.0
ESTRES
0.426826292038
0.445443547647
0.483265353073
0.485968886643
0.419121450745
0.476525282779
0.482184731554
0.402574534603
0.406946823537
0.428797975685
0.420531572437
0.419692068647
0.495645261834
0.422673831073
0.416494512118
0.431244128898
0.409893822614
0.401357840148
0.407248453591
0.462644862073
0.427833347151
0.425877402851
0.474118844842
0.400659135441
0.445112759044
0.436049787621
0.4220574634
0.482452781075
0.404075862476
0.0264538099487
0.148165394894
0.100741661425
0.194779477875
0.0879165742751
0.0334534571165
0.10787716266
0.175304098354
0.0431515058486
0.194234653025
0.194793495412
0.0379644543957
0.128770486656
0.0610583644826
0.0631555857224
0.0157307020478
0.0276213972463
0.0593704643098
0.147503895328
0.0429250630707
0.195672204885
0.126794751395
0.182210397663
0.0606373683845
0.164218728047
0.190938807059
0.0500708855044
0.106096388514
0.0285740190063
0.0144223008952
0.047695273358
0.188351561913
0.101443621078
0.0140490446843
0.182825098384
0.0667264880003
0.166187573637
0.126201753455
0.00888765700262
0.0866076232323
0.142026037954
0.11197472806
0.0874995645522
0.112697187784
0.0375724538696
0.0657914351769
0.0830939862251
0.0975245045986
0.034820215304
0.17635071869
0.0710340535532
0.0187877059492
0.0342129799525
0.141791744399
0.0780631429962
0.18521145135
0.0454069793884
0.120793266402
0.198098897367
