Valor Objetivo:471.209879674
Runtime:702.144768
Gap:9.9918899346e-05
2_1_1_1_2_1.0
3_1_1_1_38_1.0
4_1_1_1_65_1.0
5_1_1_1_30_1.0
6_1_1_1_77_1.0
7_1_1_1_51_1.0
8_1_1_1_50_1.0
9_1_1_1_42_1.0
10_1_1_1_61_1.0
11_1_1_1_45_1.0
12_2_1_1_79_1.0
14_2_1_1_88_1.0
16_2_1_1_75_1.0
17_2_1_1_33_1.0
18_2_1_1_82_1.0
20_2_1_1_16_1.0
21_2_1_1_76_1.0
22_2_1_1_78_1.0
23_3_2_1_62_1.0
24_3_2_1_32_1.0
26_3_2_1_52_1.0
28_3_2_1_56_1.0
29_3_2_1_66_1.0
30_3_2_1_87_1.0
31_3_2_1_83_1.0
33_3_2_1_12_1.0
35_4_2_1_48_1.0
36_4_2_1_60_1.0
37_4_2_1_57_1.0
38_4_2_1_36_1.0
39_4_2_1_6_1.0
40_4_2_1_84_1.0
43_4_2_1_37_1.0
46_5_3_2_72_1.0
48_5_3_2_81_1.0
49_5_3_2_43_1.0
50_5_3_2_55_1.0
51_5_3_2_70_1.0
52_5_3_2_5_1.0
53_5_3_2_86_1.0
55_5_3_2_80_1.0
56_6_3_2_59_1.0
57_6_3_2_58_1.0
58_6_3_2_9_1.0
60_6_3_2_64_1.0
61_6_3_2_34_1.0
62_6_3_2_54_1.0
63_6_3_2_31_1.0
64_6_3_2_41_1.0
65_6_3_2_4_1.0
66_6_3_2_68_1.0
67_7_4_2_71_1.0
68_7_4_2_74_1.0
69_7_4_2_39_1.0
72_7_4_2_85_1.0
73_7_4_2_47_1.0
74_7_4_2_35_1.0
75_7_4_2_63_1.0
77_7_4_2_46_1.0
78_8_4_2_53_1.0
79_8_4_2_40_1.0
80_8_4_2_44_1.0
81_8_4_2_3_1.0
83_8_4_2_69_1.0
84_8_4_2_49_1.0
85_8_4_2_1_1.0
87_8_4_2_73_1.0
88_8_4_2_67_1.0
score_s_1_1_1_93.0
score_s_2_1_1_85.0
score_s_3_2_1_85.0
score_s_4_2_1_85.0
score_s_5_3_2_88.0
score_s_6_3_2_92.0
score_s_7_4_2_86.0
score_s_8_4_2_86.0
score_t_1_1_89.0
score_t_2_1_85.0
score_t_3_2_90.0
score_t_4_2_86.0
score_m_1_87.0
score_m_2_88.0
DURACION
11.0
15.0
8.0
5.0
7.0
7.0
7.0
14.0
8.0
7.0
6.0
5.0
3.0
4.0
9.0
11.0
12.0
12.0
14.0
7.0
9.0
12.0
13.0
9.0
12.0
5.0
6.0
6.0
12.0
14.0
12.0
9.0
3.0
4.0
15.0
6.0
15.0
3.0
9.0
10.0
7.0
8.0
10.0
14.0
9.0
9.0
3.0
12.0
9.0
7.0
5.0
15.0
11.0
11.0
15.0
8.0
10.0
10.0
5.0
6.0
6.0
10.0
10.0
8.0
5.0
11.0
15.0
3.0
5.0
7.0
13.0
14.0
12.0
15.0
9.0
8.0
12.0
12.0
5.0
8.0
6.0
13.0
12.0
8.0
12.0
7.0
4.0
15.0
VALOR
14.0
11.0
9.0
9.0
9.0
9.0
9.0
10.0
9.0
9.0
9.0
9.0
9.0
9.0
14.0
11.0
11.0
14.0
15.0
9.0
11.0
11.0
9.0
9.0
14.0
9.0
9.0
9.0
12.0
15.0
14.0
9.0
9.0
9.0
13.0
9.0
10.0
9.0
9.0
12.0
9.0
9.0
14.0
13.0
9.0
9.0
9.0
15.0
9.0
9.0
9.0
9.0
9.0
11.0
14.0
9.0
13.0
12.0
9.0
9.0
9.0
12.0
13.0
9.0
9.0
10.0
10.0
9.0
9.0
9.0
15.0
15.0
10.0
10.0
9.0
9.0
11.0
11.0
9.0
9.0
9.0
14.0
10.0
9.0
12.0
9.0
9.0
13.0
ESTRES
0.474212516809
0.476857855336
0.416842920764
0.424379023906
0.431618846213
0.450198616228
0.482859809159
0.480438979721
0.407579878536
0.493722473281
0.49766688317
0.422213197128
0.434957072727
0.475340120043
0.478800759684
0.411693276925
0.447983361602
0.411077250335
0.427158568293
0.495409899629
0.466755639781
0.490003942473
0.404605518813
0.444340352618
0.458877712628
0.448021771304
0.406215764219
0.402713019291
0.451265179827
0.0159984325235
0.194822473001
0.0674278820764
0.131935592353
0.101671637241
0.00282828740133
0.000358660913394
0.0227633956678
0.0448990995489
0.0272500584487
0.192996244293
0.174796626543
0.175657535209
0.194103989922
0.0916512762495
0.176409227805
0.0700037204478
0.181422492614
0.0263789902478
0.0831726777827
0.0894981274975
0.0716661065222
0.128085514313
0.160370300893
0.0974202198459
0.0779016768932
0.0360789278162
0.176208402815
0.0406890550029
0.129567160282
0.000987005428626
0.0894317344885
0.0530474741332
0.00916320743329
0.0201882394082
0.109310132488
0.137933992562
0.0632990446611
0.183688236829
0.0841585546092
0.0301178935366
0.0977961401769
0.198349185562
0.178277653309
0.00715674468201
0.129229034952
0.124518754158
0.116928071895
0.0772289084193
0.0567434290317
0.0500533639811
0.0661239339217
0.0545975184587
0.0631764257825
0.0121815196573
0.142702964923
0.0465083552816
0.115084483259
0.0320016541046
