Valor Objetivo:440.629056279
Runtime:12.2045140266
Gap:0.0
1_1_1_1_64_1.0
2_1_1_1_85_1.0
3_1_1_1_58_1.0
4_1_1_1_72_1.0
5_1_1_1_7_1.0
6_1_1_1_5_1.0
7_1_1_1_84_1.0
8_1_1_1_36_1.0
9_1_1_1_75_1.0
11_1_1_1_73_1.0
12_2_1_1_1_1.0
13_2_1_1_71_1.0
14_2_1_1_79_1.0
15_2_1_1_88_1.0
16_2_1_1_49_1.0
18_2_1_1_52_1.0
19_2_1_1_54_1.0
20_2_1_1_61_1.0
21_2_1_1_2_1.0
23_3_2_1_68_1.0
24_3_2_1_69_1.0
25_3_2_1_83_1.0
29_3_2_1_78_1.0
30_3_2_1_56_1.0
31_3_2_1_37_1.0
32_3_2_1_8_1.0
33_3_2_1_62_1.0
34_4_2_1_82_1.0
35_4_2_1_74_1.0
36_4_2_1_66_1.0
38_4_2_1_76_1.0
39_4_2_1_53_1.0
40_4_2_1_51_1.0
43_4_2_1_34_1.0
44_4_2_1_30_1.0
45_5_3_2_57_1.0
47_5_3_2_40_1.0
49_5_3_2_60_1.0
50_5_3_2_31_1.0
52_5_3_2_35_1.0
53_5_3_2_59_1.0
54_5_3_2_65_1.0
57_6_3_2_33_1.0
60_6_3_2_63_1.0
62_6_3_2_50_1.0
63_6_3_2_67_1.0
64_6_3_2_70_1.0
65_6_3_2_80_1.0
66_6_3_2_48_1.0
67_7_4_2_87_1.0
70_7_4_2_42_1.0
71_7_4_2_39_1.0
72_7_4_2_3_1.0
74_7_4_2_44_1.0
75_7_4_2_81_1.0
76_7_4_2_77_1.0
77_7_4_2_41_1.0
79_8_4_2_38_1.0
80_8_4_2_55_1.0
81_8_4_2_47_1.0
82_8_4_2_46_1.0
83_8_4_2_32_1.0
85_8_4_2_43_1.0
86_8_4_2_4_1.0
87_8_4_2_45_1.0
88_8_4_2_86_1.0
score_s_1_1_1_90.0
score_s_2_1_1_86.0
score_s_3_2_1_85.0
score_s_4_2_1_87.0
score_s_5_3_2_85.0
score_s_6_3_2_87.0
score_s_7_4_2_85.0
score_s_8_4_2_87.0
score_t_1_1_88.0
score_t_2_1_86.0
score_t_3_2_86.0
score_t_4_2_86.0
score_m_1_87.0
score_m_2_86.0
DURACION
10.0
7.0
4.0
11.0
15.0
3.0
3.0
9.0
4.0
5.0
5.0
12.0
7.0
12.0
9.0
6.0
6.0
13.0
11.0
9.0
9.0
9.0
10.0
12.0
15.0
6.0
12.0
11.0
10.0
3.0
12.0
9.0
6.0
11.0
12.0
15.0
5.0
10.0
9.0
10.0
8.0
12.0
9.0
14.0
8.0
14.0
5.0
13.0
9.0
9.0
8.0
6.0
4.0
9.0
9.0
8.0
3.0
7.0
11.0
11.0
3.0
3.0
12.0
12.0
6.0
13.0
6.0
14.0
10.0
9.0
10.0
5.0
6.0
4.0
5.0
4.0
10.0
3.0
13.0
10.0
9.0
12.0
7.0
9.0
11.0
5.0
7.0
6.0
VALOR
15.0
9.0
9.0
14.0
14.0
9.0
9.0
9.0
9.0
9.0
9.0
15.0
9.0
12.0
9.0
9.0
9.0
15.0
14.0
9.0
15.0
9.0
12.0
9.0
13.0
9.0
12.0
9.0
14.0
9.0
12.0
9.0
9.0
10.0
12.0
9.0
9.0
13.0
11.0
11.0
9.0
12.0
14.0
9.0
9.0
11.0
9.0
15.0
13.0
9.0
9.0
9.0
9.0
9.0
9.0
9.0
9.0
9.0
13.0
12.0
9.0
9.0
9.0
14.0
9.0
14.0
9.0
13.0
10.0
9.0
10.0
9.0
9.0
9.0
9.0
9.0
14.0
9.0
13.0
12.0
13.0
9.0
9.0
12.0
12.0
9.0
9.0
9.0
ESTRES
0.456847003976
0.464334324978
0.47667016563
0.41300350921
0.456437273905
0.482793094823
0.43354161687
0.434891907146
0.469627761528
0.43259441409
0.409955084439
0.429635342971
0.422713144169
0.402007705515
0.415117620716
0.408529136228
0.438918636161
0.455005544942
0.485341076376
0.434256869951
0.493197385613
0.43912448877
0.474147963237
0.467072850044
0.435465216574
0.446510646914
0.409951723545
0.445630513426
0.464601549935
0.101236100116
0.0540512452548
0.0661109229727
0.10830903589
0.0471296960232
0.102382851911
0.100541984583
0.0387591327476
0.0562133922111
0.0846410455751
0.033419794302
0.0661801219463
0.188420549343
0.0732868382953
0.0609538044176
0.184329552147
0.0906854064776
0.042554391893
0.0255712743099
0.146908447814
0.036537002002
0.157006145176
0.0180972206583
0.137795266183
0.123868198569
0.195356751442
0.194727078563
0.112034764269
0.187209238966
0.00939387051424
0.0459110157358
0.144273927294
0.0694432336424
0.0666328811584
0.12295563268
0.19942724759
0.149951168754
0.0566418256579
0.0837621025681
0.190882864099
0.0595877871266
0.0772250018842
0.0969683080467
0.131945567164
0.0142955927613
0.145526266132
0.034845637837
0.125357144837
0.158296438954
0.0489608598818
0.0437865630589
0.067423277018
0.148381612076
0.115316393619
0.116848415844
0.118239884374
0.0958595086643
0.0927619819118
0.0537870954503
