Valor Objetivo:409.42385582
Runtime:164.690835953
Gap:0.0
3_1_1_1_47_1.0
4_1_1_1_74_1.0
5_1_1_1_54_1.0
7_1_1_1_43_1.0
9_1_1_1_32_1.0
10_1_1_1_33_1.0
11_1_1_1_60_1.0
14_2_1_1_56_1.0
15_2_1_1_81_1.0
16_2_1_1_52_1.0
17_2_1_1_48_1.0
18_2_1_1_77_1.0
20_2_1_1_76_1.0
22_2_1_1_61_1.0
24_3_2_1_51_1.0
25_3_2_1_41_1.0
27_3_2_1_40_1.0
28_3_2_1_50_1.0
29_3_2_1_66_1.0
30_3_2_1_78_1.0
31_3_2_1_58_1.0
33_3_2_1_30_1.0
34_4_2_1_86_1.0
35_4_2_1_45_1.0
37_4_2_1_82_1.0
38_4_2_1_42_1.0
39_4_2_1_64_1.0
40_4_2_1_2_1.0
43_4_2_1_53_1.0
45_5_3_2_70_1.0
46_5_3_2_37_1.0
47_5_3_2_88_1.0
49_5_3_2_1_1.0
51_5_3_2_75_1.0
53_5_3_2_49_1.0
54_5_3_2_62_1.0
56_6_3_2_79_1.0
58_6_3_2_83_1.0
59_6_3_2_67_1.0
62_6_3_2_55_1.0
63_6_3_2_71_1.0
64_6_3_2_72_1.0
65_6_3_2_63_1.0
66_6_3_2_69_1.0
67_7_4_2_59_1.0
68_7_4_2_65_1.0
70_7_4_2_80_1.0
72_7_4_2_34_1.0
73_7_4_2_73_1.0
75_7_4_2_85_1.0
76_7_4_2_68_1.0
77_7_4_2_46_1.0
78_8_4_2_31_1.0
79_8_4_2_44_1.0
80_8_4_2_38_1.0
83_8_4_2_87_1.0
84_8_4_2_84_1.0
86_8_4_2_57_1.0
88_8_4_2_35_1.0
score_s_1_1_1_75.0
score_s_2_1_1_75.0
score_s_3_2_1_79.0
score_s_4_2_1_75.0
score_s_5_3_2_75.0
score_s_6_3_2_75.0
score_s_7_4_2_77.0
score_s_8_4_2_77.0
score_t_1_1_75.0
score_t_2_1_77.0
score_t_3_2_75.0
score_t_4_2_77.0
score_m_1_76.0
score_m_2_76.0
DURACION
4.0
10.0
8.0
3.0
14.0
9.0
14.0
9.0
12.0
8.0
14.0
12.0
4.0
6.0
8.0
15.0
6.0
9.0
14.0
14.0
11.0
15.0
13.0
10.0
10.0
14.0
8.0
7.0
12.0
14.0
11.0
9.0
6.0
13.0
6.0
6.0
14.0
12.0
5.0
4.0
15.0
15.0
14.0
11.0
10.0
6.0
11.0
11.0
6.0
12.0
9.0
13.0
8.0
14.0
11.0
12.0
14.0
13.0
5.0
3.0
9.0
6.0
7.0
13.0
11.0
9.0
13.0
13.0
3.0
6.0
9.0
4.0
13.0
3.0
3.0
11.0
14.0
4.0
13.0
10.0
10.0
4.0
12.0
3.0
7.0
10.0
7.0
3.0
VALOR
9.0
14.0
9.0
9.0
10.0
9.0
9.0
9.0
11.0
9.0
10.0
10.0
9.0
9.0
9.0
10.0
9.0
10.0
13.0
12.0
11.0
14.0
14.0
15.0
12.0
13.0
9.0
9.0
10.0
12.0
14.0
14.0
9.0
12.0
9.0
9.0
11.0
9.0
9.0
9.0
11.0
15.0
10.0
12.0
14.0
9.0
15.0
13.0
9.0
10.0
9.0
14.0
9.0
11.0
12.0
10.0
13.0
9.0
9.0
9.0
9.0
9.0
9.0
9.0
10.0
10.0
15.0
10.0
9.0
9.0
9.0
9.0
11.0
9.0
9.0
12.0
9.0
9.0
12.0
11.0
11.0
9.0
13.0
9.0
9.0
11.0
9.0
9.0
ESTRES
0.492667448275
0.474733816085
0.445900737029
0.430451738753
0.44582250331
0.462530363604
0.405647254281
0.481359526997
0.446236084392
0.443836756562
0.478974095958
0.406718999784
0.484828157872
0.418968063679
0.472579489506
0.46477658194
0.496271416173
0.456455414121
0.496586896938
0.481256664723
0.432980421857
0.442390777584
0.466886991296
0.47953465386
0.493640364696
0.464491637175
0.41763983808
0.496286884194
0.496377032431
0.0133755452523
0.110521809124
0.0256769093887
0.0708886309922
0.0966620256132
0.112501777237
0.194873464182
0.176011105217
0.0362600094635
0.198190135459
0.18419345412
0.166557469384
0.0450670943731
0.0694463345736
0.190843302614
0.0952520041577
0.163756322218
0.194868414629
0.137477165517
0.0421677836112
0.0812981125992
0.120908635073
0.110263466332
0.175797689239
0.159512694514
0.0213372795739
0.180923706787
0.178324411773
0.187723696323
0.196023861544
0.00212998604986
0.139442179586
0.198360323644
0.159187846979
0.144827361802
0.162506111348
0.0719371851592
0.110771891926
0.00754686590045
0.0534720263891
0.0469846167181
0.165067954235
0.198320544789
0.0308883161898
0.152565895543
0.137820934789
0.0648581459315
0.14137782039
0.047936739413
0.0526877035102
0.128856355265
0.0817206488273
0.134586199764
0.0248564957977
0.00668554506987
0.104876438443
0.0381634813101
0.105668047794
0.0135136617948
