Valor Objetivo:530.520084256
Runtime:906.454388142
Gap:0.00236905389476
1_1_1_1_59_1.0
5_1_1_1_60_1.0
7_1_1_1_74_1.0
8_1_1_1_46_1.0
9_1_1_1_79_1.0
10_1_1_1_77_1.0
12_2_1_1_57_1.0
13_2_1_1_55_1.0
16_2_1_1_61_1.0
17_2_1_1_51_1.0
18_2_1_1_78_1.0
20_2_1_1_41_1.0
22_2_1_1_58_1.0
23_3_2_1_85_1.0
24_3_2_1_40_1.0
26_3_2_1_45_1.0
27_3_2_1_80_1.0
28_3_2_1_42_1.0
30_3_2_1_86_1.0
33_3_2_1_36_1.0
34_4_2_1_49_1.0
35_4_2_1_33_1.0
36_4_2_1_83_1.0
38_4_2_1_73_1.0
39_4_2_1_87_1.0
40_4_2_1_82_1.0
41_4_2_1_54_1.0
45_5_3_2_52_1.0
49_5_3_2_71_1.0
50_5_3_2_56_1.0
51_5_3_2_32_1.0
53_5_3_2_64_1.0
54_5_3_2_31_1.0
55_5_3_2_81_1.0
57_6_3_2_53_1.0
59_6_3_2_34_1.0
60_6_3_2_63_1.0
61_6_3_2_43_1.0
62_6_3_2_84_1.0
63_6_3_2_69_1.0
65_6_3_2_88_1.0
66_6_3_2_68_1.0
68_7_4_2_62_1.0
69_7_4_2_38_1.0
70_7_4_2_37_1.0
71_7_4_2_76_1.0
74_7_4_2_30_1.0
76_7_4_2_47_1.0
77_7_4_2_44_1.0
78_8_4_2_72_1.0
80_8_4_2_35_1.0
81_8_4_2_50_1.0
82_8_4_2_70_1.0
84_8_4_2_66_1.0
85_8_4_2_65_1.0
86_8_4_2_39_1.0
score_s_1_1_1_71.0
score_s_2_1_1_71.0
score_s_3_2_1_71.0
score_s_4_2_1_71.0
score_s_5_3_2_73.0
score_s_6_3_2_75.0
score_s_7_4_2_74.0
score_s_8_4_2_70.0
score_t_1_1_71.0
score_t_2_1_71.0
score_t_3_2_74.0
score_t_4_2_72.0
score_m_1_71.0
score_m_2_73.0
DURACION
8.0
9.0
5.0
5.0
7.0
9.0
12.0
9.0
4.0
7.0
15.0
6.0
15.0
7.0
14.0
6.0
6.0
12.0
15.0
5.0
7.0
4.0
13.0
9.0
10.0
15.0
4.0
12.0
9.0
14.0
6.0
12.0
5.0
4.0
11.0
5.0
4.0
9.0
15.0
15.0
11.0
8.0
11.0
7.0
3.0
11.0
13.0
9.0
7.0
9.0
15.0
12.0
4.0
7.0
3.0
3.0
5.0
9.0
9.0
11.0
9.0
11.0
6.0
7.0
10.0
11.0
5.0
15.0
14.0
9.0
12.0
3.0
6.0
14.0
11.0
10.0
8.0
4.0
9.0
13.0
11.0
9.0
9.0
14.0
5.0
9.0
15.0
8.0
VALOR
9.0
9.0
9.0
9.0
9.0
9.0
13.0
9.0
9.0
9.0
10.0
9.0
10.0
9.0
14.0
9.0
9.0
13.0
9.0
9.0
9.0
9.0
12.0
9.0
13.0
15.0
9.0
15.0
10.0
14.0
9.0
12.0
9.0
9.0
14.0
9.0
9.0
9.0
9.0
10.0
13.0
9.0
13.0
9.0
9.0
11.0
15.0
9.0
9.0
9.0
10.0
11.0
9.0
9.0
9.0
9.0
9.0
9.0
9.0
15.0
9.0
15.0
9.0
9.0
14.0
14.0
9.0
12.0
13.0
10.0
10.0
9.0
9.0
14.0
9.0
11.0
9.0
9.0
9.0
15.0
14.0
9.0
14.0
13.0
9.0
10.0
10.0
9.0
ESTRES
0.427754554553
0.414043186085
0.440264698045
0.44157279818
0.444022943979
0.418539663616
0.479319738566
0.409299640319
0.407746189963
0.460251915344
0.439683740928
0.458606320082
0.494188314323
0.485311726156
0.41940691108
0.434643813514
0.488352466789
0.457269192942
0.474007498874
0.457133567251
0.452959785278
0.453270218419
0.402846584775
0.447881291745
0.426604560335
0.457640469899
0.47005177786
0.49960457547
0.434067803172
0.0936942648378
0.00498258682648
0.163959307635
0.0390573137253
0.0931362352679
0.0805275725277
0.0991913776391
0.18574390941
0.0512719501633
0.174226605791
0.164678785053
0.0124768927703
0.0649827637006
0.157072344047
0.100713281643
0.0934458028784
0.181145864829
0.129570194325
0.198667460476
0.156071205369
0.161278715541
0.132220596866
0.066285122178
0.128061662204
0.032887006077
0.0838824356833
0.100551276878
0.152593751336
0.0189610324264
0.118450570563
0.0453648495163
0.113087187478
0.0434990270265
0.00138578757337
0.0659517451385
0.0345231331516
0.0748449489767
0.191510815319
0.109575987334
0.0552696409716
0.0789241497429
0.125495896554
0.141782456436
0.111733267724
0.168783673594
0.191860737447
0.166619640962
0.00181774767966
0.109293995655
0.038074643389
0.0659815079818
0.147384648987
0.156874524974
0.143260106507
0.0883074639113
0.00255353893715
0.146186186219
0.122174014374
0.08743786581
