Valor Objetivo:449.550879928
Runtime:201.874650955
Gap:6.28942711189e-05
1_1_1_1_7_1.0
3_1_1_1_37_1.0
4_1_1_1_52_1.0
5_1_1_1_67_1.0
6_1_1_1_5_1.0
7_1_1_1_36_1.0
8_1_1_1_62_1.0
10_1_1_1_60_1.0
11_1_1_1_69_1.0
12_2_1_1_48_1.0
13_2_1_1_32_1.0
14_2_1_1_72_1.0
15_2_1_1_31_1.0
16_2_1_1_54_1.0
17_2_1_1_50_1.0
19_2_1_1_59_1.0
20_2_1_1_43_1.0
23_3_2_1_1_1.0
24_3_2_1_70_1.0
25_3_2_1_45_1.0
26_3_2_1_61_1.0
27_3_2_1_6_1.0
29_3_2_1_81_1.0
30_3_2_1_74_1.0
31_3_2_1_65_1.0
33_3_2_1_68_1.0
34_4_2_1_78_1.0
37_4_2_1_2_1.0
39_4_2_1_40_1.0
40_4_2_1_80_1.0
41_4_2_1_33_1.0
42_4_2_1_55_1.0
43_4_2_1_51_1.0
44_4_2_1_35_1.0
46_5_3_2_3_1.0
47_5_3_2_4_1.0
50_5_3_2_87_1.0
51_5_3_2_30_1.0
52_5_3_2_86_1.0
53_5_3_2_75_1.0
54_5_3_2_66_1.0
55_5_3_2_42_1.0
56_6_3_2_84_1.0
57_6_3_2_47_1.0
58_6_3_2_82_1.0
60_6_3_2_34_1.0
61_6_3_2_49_1.0
62_6_3_2_71_1.0
64_6_3_2_44_1.0
66_6_3_2_46_1.0
67_7_4_2_73_1.0
68_7_4_2_63_1.0
69_7_4_2_77_1.0
70_7_4_2_88_1.0
71_7_4_2_56_1.0
72_7_4_2_85_1.0
73_7_4_2_58_1.0
76_7_4_2_57_1.0
77_7_4_2_76_1.0
79_8_4_2_39_1.0
80_8_4_2_79_1.0
81_8_4_2_64_1.0
82_8_4_2_38_1.0
83_8_4_2_53_1.0
86_8_4_2_83_1.0
87_8_4_2_41_1.0
score_s_1_1_1_88.0
score_s_2_1_1_86.0
score_s_3_2_1_85.0
score_s_4_2_1_85.0
score_s_5_3_2_89.0
score_s_6_3_2_85.0
score_s_7_4_2_85.0
score_s_8_4_2_85.0
score_t_1_1_87.0
score_t_2_1_85.0
score_t_3_2_87.0
score_t_4_2_85.0
score_m_1_86.0
score_m_2_86.0
DURACION
11.0
8.0
12.0
9.0
5.0
11.0
3.0
11.0
4.0
7.0
9.0
14.0
3.0
14.0
7.0
5.0
3.0
14.0
3.0
4.0
10.0
7.0
9.0
13.0
14.0
9.0
13.0
8.0
14.0
8.0
9.0
6.0
5.0
3.0
12.0
5.0
10.0
14.0
5.0
5.0
10.0
14.0
3.0
8.0
8.0
10.0
6.0
13.0
9.0
7.0
14.0
12.0
10.0
14.0
8.0
7.0
8.0
13.0
14.0
9.0
3.0
15.0
10.0
9.0
7.0
14.0
4.0
9.0
9.0
4.0
15.0
15.0
4.0
10.0
13.0
9.0
10.0
9.0
4.0
6.0
13.0
6.0
14.0
11.0
5.0
8.0
6.0
3.0
VALOR
15.0
9.0
11.0
9.0
9.0
11.0
9.0
11.0
9.0
9.0
14.0
14.0
9.0
12.0
9.0
9.0
9.0
9.0
9.0
9.0
15.0
9.0
13.0
14.0
9.0
9.0
9.0
9.0
11.0
9.0
9.0
9.0
9.0
9.0
10.0
9.0
11.0
11.0
9.0
9.0
10.0
10.0
9.0
9.0
9.0
9.0
9.0
14.0
9.0
9.0
11.0
14.0
11.0
14.0
9.0
9.0
9.0
9.0
12.0
13.0
9.0
10.0
10.0
9.0
9.0
9.0
9.0
9.0
12.0
9.0
13.0
15.0
9.0
15.0
15.0
12.0
13.0
15.0
9.0
9.0
10.0
9.0
9.0
10.0
9.0
9.0
9.0
9.0
ESTRES
0.440624493996
0.474815000147
0.419835363026
0.440407830032
0.401211717623
0.411840649783
0.403565359006
0.415510064235
0.42388533072
0.443701742461
0.480976587817
0.454481899325
0.483569756007
0.466364034471
0.464632364781
0.411008652379
0.497165342571
0.446639542418
0.487390065501
0.481140882917
0.409912031154
0.439124622684
0.44175424959
0.441476568158
0.405740906788
0.442238728457
0.495965504371
0.485820862119
0.426175223272
0.136910996549
0.00334823044142
0.0382477796748
0.0432817215668
0.0806129633459
0.111579648662
0.0994641056667
0.0131045680376
0.00351703529151
0.0663449992181
0.138284895949
0.0720082073765
0.129481893977
0.138414818739
0.10099520806
0.149456304383
0.0175194547649
0.149451292965
0.11514789368
0.163509135669
0.154986762803
0.0502277956628
0.178852885893
0.136610802117
0.134648383848
0.115066229161
0.119130240881
0.171805436606
0.188484018272
0.0366918044737
0.142883703756
0.161402085885
0.133795752651
0.0415288509906
0.199732630872
0.161494041898
0.0743733272094
0.0161421029234
0.0229658070365
0.112142402253
0.0493417435429
0.113043521919
0.143849492023
0.0663637269049
0.183286227386
0.0446994832415
0.0862153679286
0.0376430200804
0.18139435075
0.0952694710189
0.0227200410704
0.131825206761
0.118169240309
0.114566184122
0.143240219662
0.193683976321
0.146950779326
0.082286400447
0.0793898754134
