Valor Objetivo:755.05931852
Runtime:903.965090036
Gap:0.00815353346376
2_1_1_1_1_1.0
3_1_1_1_77_1.0
4_1_1_1_67_1.0
5_1_1_1_38_1.0
6_1_1_1_12_1.0
7_1_1_1_72_1.0
8_1_1_1_58_1.0
9_1_1_1_73_1.0
10_1_1_1_54_1.0
12_2_1_1_88_1.0
13_2_1_1_42_1.0
14_2_1_1_46_1.0
15_2_1_1_3_1.0
17_2_1_1_45_1.0
19_2_1_1_40_1.0
20_2_1_1_9_1.0
21_2_1_1_62_1.0
22_2_1_1_59_1.0
24_3_2_1_60_1.0
25_3_2_1_48_1.0
26_3_2_1_75_1.0
27_3_2_1_44_1.0
29_3_2_1_74_1.0
30_3_2_1_65_1.0
31_3_2_1_8_1.0
32_3_2_1_78_1.0
33_3_2_1_39_1.0
34_4_2_1_70_1.0
35_4_2_1_76_1.0
36_4_2_1_4_1.0
38_4_2_1_83_1.0
39_4_2_1_36_1.0
40_4_2_1_30_1.0
41_4_2_1_80_1.0
44_4_2_1_49_1.0
46_5_3_2_64_1.0
47_5_3_2_41_1.0
49_5_3_2_31_1.0
50_5_3_2_33_1.0
51_5_3_2_87_1.0
52_5_3_2_43_1.0
53_5_3_2_79_1.0
54_5_3_2_51_1.0
56_6_3_2_7_1.0
57_6_3_2_35_1.0
59_6_3_2_10_1.0
60_6_3_2_63_1.0
61_6_3_2_6_1.0
62_6_3_2_68_1.0
63_6_3_2_52_1.0
64_6_3_2_53_1.0
66_6_3_2_56_1.0
67_7_4_2_66_1.0
68_7_4_2_37_1.0
70_7_4_2_32_1.0
71_7_4_2_34_1.0
72_7_4_2_84_1.0
73_7_4_2_55_1.0
74_7_4_2_57_1.0
76_7_4_2_69_1.0
77_7_4_2_81_1.0
78_8_4_2_5_1.0
79_8_4_2_50_1.0
80_8_4_2_61_1.0
82_8_4_2_47_1.0
83_8_4_2_85_1.0
85_8_4_2_2_1.0
86_8_4_2_86_1.0
88_8_4_2_82_1.0
score_s_1_1_1_90.0
score_s_2_1_1_90.0
score_s_3_2_1_90.0
score_s_4_2_1_90.0
score_s_5_3_2_91.0
score_s_6_3_2_91.0
score_s_7_4_2_91.0
score_s_8_4_2_91.0
score_t_1_1_90.0
score_t_2_1_90.0
score_t_3_2_91.0
score_t_4_2_91.0
score_m_1_90.0
score_m_2_91.0
DURACION
13.0
10.0
4.0
13.0
5.0
3.0
7.0
3.0
9.0
14.0
9.0
12.0
12.0
7.0
10.0
9.0
11.0
7.0
9.0
6.0
12.0
9.0
6.0
11.0
9.0
15.0
7.0
14.0
7.0
3.0
9.0
6.0
15.0
9.0
8.0
4.0
9.0
9.0
9.0
6.0
11.0
15.0
15.0
12.0
9.0
9.0
3.0
10.0
6.0
5.0
15.0
14.0
10.0
12.0
6.0
9.0
8.0
9.0
11.0
15.0
4.0
11.0
15.0
3.0
4.0
11.0
4.0
14.0
9.0
3.0
12.0
13.0
3.0
10.0
3.0
13.0
13.0
8.0
5.0
5.0
14.0
6.0
9.0
10.0
3.0
6.0
15.0
4.0
VALOR
13.0
14.0
9.0
14.0
9.0
9.0
9.0
9.0
13.0
15.0
9.0
11.0
13.0
9.0
15.0
11.0
11.0
9.0
9.0
9.0
12.0
9.0
9.0
13.0
9.0
13.0
9.0
15.0
9.0
9.0
13.0
9.0
15.0
9.0
9.0
9.0
9.0
9.0
14.0
9.0
10.0
15.0
13.0
12.0
9.0
11.0
9.0
12.0
9.0
9.0
13.0
10.0
14.0
12.0
9.0
9.0
9.0
9.0
13.0
11.0
9.0
14.0
14.0
9.0
9.0
15.0
9.0
12.0
10.0
9.0
15.0
11.0
9.0
11.0
9.0
14.0
11.0
9.0
9.0
9.0
13.0
9.0
9.0
14.0
9.0
9.0
11.0
9.0
ESTRES
0.418956295587
0.41744589468
0.417180137801
0.435326238992
0.45085417881
0.43082651447
0.472454145909
0.412091375561
0.407374274327
0.477579893845
0.490366923673
0.422430666867
0.4233444938
0.426093839167
0.411691692468
0.423572916017
0.486160695188
0.426988030592
0.485402251597
0.489737188521
0.450195097658
0.489735023539
0.494413002742
0.479078994658
0.420699802466
0.406599045928
0.456655992067
0.45450240507
0.458581086605
0.0552708818083
0.042424075972
0.0980505063194
0.0724883294172
0.154994842118
0.104608447164
0.0104573900868
0.127257501151
0.0732029071332
0.1092673053
0.0152526018509
0.0975343885861
0.0323909695498
0.0373129187279
0.185429721818
0.184232545631
0.137592924611
0.0464679804828
0.103804325437
0.0650397789955
0.0951125015258
0.0644752195741
0.0497787586616
0.00576175193981
0.167221771343
0.166049178895
0.0421916474172
0.113815389789
0.178182309187
0.0799238456825
0.164558047907
0.0169755264089
0.19840526949
0.111316870482
0.0411366106437
0.0792081098831
0.0531670155641
0.18427081088
0.180761118996
0.179752407569
0.150373994048
0.197691287018
0.0770891537385
0.157171533278
0.100921831121
0.13496695116
0.0950617098134
0.178180898255
0.181171993729
0.0562315343837
0.0358723431951
0.104087373788
0.0518394937601
0.0628534162975
0.144704493505
0.104109577629
0.0787215975601
0.165340540902
0.0782953053758
