Valor Objetivo:550.526433823
Runtime:2.98755097389
Gap:0.0
1_1_1_1_20_1.0
2_1_1_1_16_1.0
3_1_1_1_53_1.0
4_1_1_1_65_1.0
5_1_1_1_4_1.0
6_1_1_1_11_1.0
7_1_1_1_42_1.0
9_1_1_1_13_1.0
11_1_1_1_9_1.0
12_2_1_1_44_1.0
13_2_1_1_66_1.0
14_2_1_1_39_1.0
15_2_1_1_74_1.0
16_2_1_1_37_1.0
20_2_1_1_18_1.0
21_2_1_1_31_1.0
22_2_1_1_28_1.0
23_3_2_1_21_1.0
25_3_2_1_5_1.0
26_3_2_1_71_1.0
28_3_2_1_17_1.0
29_3_2_1_79_1.0
30_3_2_1_26_1.0
31_3_2_1_23_1.0
32_3_2_1_56_1.0
33_3_2_1_36_1.0
34_4_2_1_45_1.0
35_4_2_1_55_1.0
36_4_2_1_33_1.0
38_4_2_1_62_1.0
39_4_2_1_47_1.0
40_4_2_1_76_1.0
41_4_2_1_19_1.0
42_4_2_1_49_1.0
43_4_2_1_38_1.0
46_5_3_2_15_1.0
47_5_3_2_14_1.0
48_5_3_2_29_1.0
49_5_3_2_51_1.0
51_5_3_2_84_1.0
53_5_3_2_10_1.0
54_5_3_2_30_1.0
55_5_3_2_48_1.0
56_6_3_2_52_1.0
58_6_3_2_6_1.0
59_6_3_2_7_1.0
60_6_3_2_3_1.0
61_6_3_2_27_1.0
62_6_3_2_58_1.0
63_6_3_2_57_1.0
65_6_3_2_25_1.0
66_6_3_2_50_1.0
67_7_4_2_8_1.0
68_7_4_2_35_1.0
69_7_4_2_1_1.0
70_7_4_2_32_1.0
71_7_4_2_73_1.0
74_7_4_2_54_1.0
75_7_4_2_34_1.0
77_7_4_2_40_1.0
78_8_4_2_46_1.0
80_8_4_2_41_1.0
81_8_4_2_86_1.0
82_8_4_2_22_1.0
83_8_4_2_43_1.0
84_8_4_2_24_1.0
86_8_4_2_12_1.0
87_8_4_2_75_1.0
88_8_4_2_2_1.0
score_s_1_1_1_90.0
score_s_2_1_1_90.0
score_s_3_2_1_101.0
score_s_4_2_1_91.0
score_s_5_3_2_91.0
score_s_6_3_2_97.0
score_s_7_4_2_90.0
score_s_8_4_2_90.0
score_t_1_1_90.0
score_t_2_1_96.0
score_t_3_2_94.0
score_t_4_2_90.0
score_m_1_93.0
score_m_2_92.0
DURACION
14.0
13.0
15.0
12.0
3.0
9.0
14.0
11.0
12.0
8.0
3.0
6.0
12.0
10.0
6.0
14.0
9.0
7.0
9.0
14.0
15.0
7.0
8.0
3.0
13.0
5.0
7.0
15.0
13.0
7.0
3.0
9.0
5.0
4.0
9.0
9.0
6.0
11.0
7.0
10.0
9.0
5.0
13.0
12.0
9.0
14.0
10.0
6.0
8.0
13.0
8.0
15.0
11.0
12.0
3.0
11.0
14.0
7.0
5.0
15.0
12.0
10.0
12.0
14.0
9.0
5.0
11.0
9.0
8.0
3.0
8.0
5.0
9.0
13.0
9.0
15.0
3.0
12.0
12.0
11.0
11.0
10.0
8.0
11.0
4.0
4.0
9.0
8.0
VALOR
14.0
9.0
10.0
15.0
9.0
11.0
15.0
13.0
13.0
9.0
9.0
9.0
12.0
12.0
9.0
10.0
11.0
9.0
13.0
11.0
11.0
9.0
9.0
9.0
13.0
9.0
9.0
13.0
12.0
9.0
9.0
10.0
9.0
9.0
13.0
9.0
9.0
14.0
9.0
11.0
14.0
9.0
14.0
9.0
9.0
13.0
12.0
9.0
9.0
12.0
9.0
11.0
15.0
12.0
9.0
13.0
14.0
9.0
9.0
10.0
11.0
9.0
10.0
13.0
10.0
9.0
9.0
9.0
9.0
9.0
9.0
9.0
9.0
15.0
9.0
10.0
9.0
13.0
10.0
10.0
9.0
13.0
9.0
14.0
9.0
9.0
9.0
9.0
ESTRES
0.0979903494872
0.126063817618
0.0756490961213
0.00227236034416
0.120264196889
0.0870069006716
0.0358354570439
0.0311014339868
0.18702208816
0.159148337614
0.00572245677683
0.043211578402
0.130816234088
0.132497939481
0.0439139393712
0.144657280093
0.0338659500151
0.0891368693441
0.10182364192
0.107428048911
0.056390805967
0.0784858661362
0.105524018006
0.192091374334
0.101612094943
0.0648329545598
0.00518225225705
0.0358954141924
0.169491258208
0.0618789395452
0.114467942999
0.100608973033
0.178450809312
0.156503900183
0.131900355864
0.10586278787
0.154582846915
0.0237798082659
0.111606837798
0.162765520643
0.000885131483268
0.148133485525
0.140779112163
0.014971231784
0.103686399029
0.172046749945
0.199456210567
0.16566097845
0.0908936876958
0.180962287187
0.0888437327993
0.0840345247188
0.157232294418
0.087300777313
0.169320580768
0.17422691134
0.189345670705
0.0458437500108
0.491628248018
0.459045808579
0.455417133333
0.429427810199
0.479292454396
0.486343310137
0.41688443833
0.419650565756
0.466945944636
0.435465948688
0.453561728908
0.429439780959
0.422452621152
0.484256788452
0.410619654135
0.416875454957
0.423493241819
0.400408745883
0.435535218749
0.447176711065
0.404198268236
0.44433234644
0.439246682326
0.438042731008
0.498506978361
0.401477984849
0.45235841173
0.404989204812
0.425443124942
0.492161239929
