Valor Objetivo:698.99733147
Runtime:2.99854302406
Gap:0.0
1_1_1_1_35_1.0
2_1_1_1_3_1.0
3_1_1_1_54_1.0
4_1_1_1_51_1.0
5_1_1_1_59_1.0
6_1_1_1_22_1.0
7_1_1_1_75_1.0
8_1_1_1_52_1.0
9_1_1_1_42_1.0
10_1_1_1_9_1.0
11_1_1_1_18_1.0
12_2_1_1_62_1.0
13_2_1_1_63_1.0
14_2_1_1_38_1.0
15_2_1_1_33_1.0
16_2_1_1_39_1.0
17_2_1_1_6_1.0
19_2_1_1_86_1.0
20_2_1_1_57_1.0
21_2_1_1_72_1.0
22_2_1_1_15_1.0
23_3_2_1_2_1.0
24_3_2_1_29_1.0
25_3_2_1_81_1.0
26_3_2_1_68_1.0
27_3_2_1_83_1.0
28_3_2_1_27_1.0
29_3_2_1_80_1.0
30_3_2_1_77_1.0
31_3_2_1_79_1.0
32_3_2_1_41_1.0
33_3_2_1_65_1.0
34_4_2_1_24_1.0
35_4_2_1_14_1.0
36_4_2_1_55_1.0
37_4_2_1_87_1.0
38_4_2_1_26_1.0
39_4_2_1_40_1.0
40_4_2_1_12_1.0
41_4_2_1_45_1.0
42_4_2_1_31_1.0
43_4_2_1_66_1.0
44_4_2_1_50_1.0
45_5_3_2_10_1.0
46_5_3_2_23_1.0
47_5_3_2_21_1.0
48_5_3_2_30_1.0
49_5_3_2_58_1.0
50_5_3_2_5_1.0
51_5_3_2_20_1.0
52_5_3_2_85_1.0
54_5_3_2_34_1.0
55_5_3_2_1_1.0
56_6_3_2_13_1.0
57_6_3_2_36_1.0
58_6_3_2_69_1.0
59_6_3_2_46_1.0
60_6_3_2_25_1.0
61_6_3_2_60_1.0
62_6_3_2_74_1.0
63_6_3_2_67_1.0
64_6_3_2_16_1.0
65_6_3_2_48_1.0
66_6_3_2_37_1.0
67_7_4_2_17_1.0
68_7_4_2_78_1.0
70_7_4_2_71_1.0
71_7_4_2_64_1.0
72_7_4_2_47_1.0
73_7_4_2_4_1.0
74_7_4_2_19_1.0
75_7_4_2_84_1.0
76_7_4_2_28_1.0
77_7_4_2_56_1.0
78_8_4_2_53_1.0
79_8_4_2_43_1.0
80_8_4_2_49_1.0
82_8_4_2_73_1.0
83_8_4_2_7_1.0
84_8_4_2_8_1.0
85_8_4_2_88_1.0
86_8_4_2_11_1.0
87_8_4_2_32_1.0
88_8_4_2_44_1.0
score_s_1_1_1_111.0
score_s_2_1_1_105.0
score_s_3_2_1_104.0
score_s_4_2_1_112.0
score_s_5_3_2_113.0
score_s_6_3_2_113.0
score_s_7_4_2_101.0
score_s_8_4_2_105.0
score_t_1_1_108.0
score_t_2_1_108.0
score_t_3_2_113.0
score_t_4_2_103.0
score_m_1_108.0
score_m_2_108.0
DURACION
3.0
13.0
14.0
10.0
3.0
4.0
12.0
12.0
4.0
7.0
11.0
13.0
9.0
11.0
15.0
8.0
15.0
12.0
15.0
7.0
9.0
7.0
15.0
9.0
7.0
14.0
15.0
6.0
9.0
9.0
10.0
8.0
15.0
15.0
5.0
7.0
12.0
4.0
4.0
6.0
7.0
10.0
9.0
9.0
4.0
12.0
15.0
15.0
10.0
10.0
8.0
3.0
5.0
5.0
4.0
15.0
3.0
10.0
5.0
8.0
8.0
4.0
15.0
3.0
7.0
15.0
9.0
5.0
12.0
10.0
4.0
8.0
9.0
14.0
9.0
13.0
5.0
9.0
9.0
9.0
4.0
14.0
9.0
13.0
13.0
6.0
4.0
4.0
VALOR
9.0
9.0
14.0
9.0
9.0
9.0
14.0
11.0
9.0
9.0
14.0
12.0
15.0
13.0
10.0
9.0
10.0
11.0
15.0
9.0
11.0
9.0
10.0
9.0
9.0
10.0
11.0
9.0
13.0
9.0
15.0
9.0
11.0
9.0
9.0
9.0
10.0
9.0
9.0
9.0
9.0
10.0
9.0
9.0
9.0
13.0
14.0
12.0
9.0
13.0
9.0
9.0
9.0
9.0
9.0
12.0
9.0
14.0
9.0
9.0
9.0
9.0
11.0
9.0
9.0
15.0
11.0
9.0
10.0
9.0
9.0
9.0
10.0
9.0
11.0
14.0
9.0
9.0
9.0
9.0
9.0
15.0
9.0
15.0
13.0
9.0
9.0
9.0
ESTRES
0.16682073221
0.0815622274467
0.144729583104
0.0353682265529
0.0523465512265
0.173242044128
0.156651578448
0.072950721017
0.124413573872
0.0944733561074
0.128072597116
0.166313294813
0.0989121375415
0.0463342359794
0.0622753631915
0.16984141698
0.0391692076309
0.00525053790698
0.134660598914
0.0398772156869
0.00409210211992
0.072509419986
0.133575320129
0.140929079692
0.010798862838
0.120089256217
0.197904449937
0.140051364426
0.0331446986814
0.10815696971
0.159169492603
0.103355880071
0.156082186379
0.0348409835627
0.0347012231745
0.173187089864
0.0583976398729
0.0413400762595
0.196576543813
0.0409422225399
0.14991758873
0.195806288753
0.0867575877857
0.00750917100224
0.198023643706
0.0938516718632
0.180313494147
0.108598392334
0.0653599160612
0.0890921053429
0.131565941168
0.0161509119906
0.00126441502159
0.149647642518
0.09203717441
0.129808900011
0.0186283749149
0.122116345931
0.465121238698
0.409964203715
0.498213515861
0.491940628671
0.437541208416
0.445497645438
0.444912442416
0.484855808994
0.433587150063
0.486192153506
0.430509925619
0.490495534706
0.417141332031
0.451868366005
0.429751393211
0.469158963528
0.44700639802
0.495918980905
0.44601977146
0.429732673103
0.411267698522
0.412259419523
0.451236164994
0.487581792178
0.434118849994
0.445305711667
0.431261898621
0.467929393989
0.402143161794
0.438734719003
