Valor Objetivo:512.787480023
Runtime:3.39309382439
Gap:0.0
2_1_1_1_43_1.0
3_1_1_1_52_1.0
4_1_1_1_2_1.0
5_1_1_1_87_1.0
6_1_1_1_34_1.0
7_1_1_1_77_1.0
8_1_1_1_41_1.0
9_1_1_1_80_1.0
10_1_1_1_39_1.0
12_2_1_1_76_1.0
14_2_1_1_30_1.0
15_2_1_1_62_1.0
18_2_1_1_47_1.0
19_2_1_1_48_1.0
20_2_1_1_61_1.0
21_2_1_1_86_1.0
22_2_1_1_58_1.0
23_3_2_1_32_1.0
26_3_2_1_36_1.0
27_3_2_1_70_1.0
28_3_2_1_3_1.0
31_3_2_1_57_1.0
32_3_2_1_64_1.0
33_3_2_1_65_1.0
34_4_2_1_49_1.0
37_4_2_1_37_1.0
38_4_2_1_50_1.0
39_4_2_1_40_1.0
40_4_2_1_56_1.0
42_4_2_1_51_1.0
45_5_3_2_73_1.0
47_5_3_2_78_1.0
48_5_3_2_67_1.0
49_5_3_2_44_1.0
50_5_3_2_55_1.0
52_5_3_2_1_1.0
53_5_3_2_54_1.0
54_5_3_2_81_1.0
57_6_3_2_33_1.0
58_6_3_2_35_1.0
59_6_3_2_53_1.0
60_6_3_2_4_1.0
61_6_3_2_60_1.0
65_6_3_2_46_1.0
66_6_3_2_82_1.0
67_7_4_2_66_1.0
69_7_4_2_59_1.0
70_7_4_2_72_1.0
71_7_4_2_42_1.0
72_7_4_2_31_1.0
73_7_4_2_79_1.0
75_7_4_2_38_1.0
77_7_4_2_63_1.0
78_8_4_2_84_1.0
82_8_4_2_45_1.0
83_8_4_2_68_1.0
84_8_4_2_71_1.0
85_8_4_2_85_1.0
87_8_4_2_83_1.0
88_8_4_2_88_1.0
score_s_1_1_1_89.0
score_s_2_1_1_81.0
score_s_3_2_1_75.0
score_s_4_2_1_75.0
score_s_5_3_2_84.0
score_s_6_3_2_76.0
score_s_7_4_2_85.0
score_s_8_4_2_75.0
score_t_1_1_85.0
score_t_2_1_75.0
score_t_3_2_80.0
score_t_4_2_80.0
score_m_1_80.0
score_m_2_80.0
DURACION
9.0
10.0
15.0
9.0
14.0
10.0
13.0
9.0
9.0
14.0
11.0
12.0
9.0
10.0
9.0
7.0
9.0
14.0
3.0
5.0
4.0
9.0
3.0
13.0
4.0
15.0
9.0
9.0
12.0
7.0
12.0
7.0
10.0
15.0
15.0
14.0
9.0
10.0
15.0
5.0
14.0
10.0
6.0
15.0
3.0
8.0
4.0
12.0
5.0
14.0
4.0
4.0
4.0
4.0
10.0
12.0
11.0
12.0
11.0
12.0
8.0
8.0
3.0
12.0
6.0
5.0
5.0
9.0
12.0
8.0
4.0
7.0
12.0
3.0
3.0
9.0
14.0
13.0
10.0
4.0
7.0
11.0
13.0
10.0
14.0
14.0
12.0
14.0
VALOR
11.0
10.0
14.0
9.0
14.0
12.0
11.0
15.0
9.0
9.0
14.0
15.0
9.0
9.0
12.0
9.0
9.0
9.0
9.0
9.0
9.0
9.0
9.0
9.0
9.0
14.0
9.0
14.0
14.0
9.0
14.0
9.0
15.0
14.0
9.0
11.0
9.0
12.0
9.0
9.0
11.0
13.0
9.0
14.0
9.0
9.0
9.0
15.0
9.0
9.0
9.0
9.0
9.0
9.0
13.0
15.0
14.0
11.0
13.0
9.0
9.0
9.0
9.0
9.0
9.0
9.0
9.0
10.0
12.0
9.0
9.0
9.0
10.0
9.0
9.0
9.0
10.0
13.0
14.0
9.0
9.0
10.0
12.0
13.0
11.0
14.0
10.0
13.0
ESTRES
0.411434661328
0.405347285797
0.482122976959
0.416316299618
0.466332629165
0.441241396825
0.494630869279
0.447513621919
0.473461708717
0.415566191871
0.403357562011
0.401696169585
0.432887642816
0.44257976511
0.483674691145
0.479939330489
0.464495978392
0.480294300105
0.46709231239
0.418589995531
0.479422606025
0.424151763334
0.414412220389
0.492667795779
0.460470480815
0.489123255891
0.439861592501
0.420313373282
0.479115407835
0.0515047728121
0.114199338868
0.136595520855
0.13360691574
0.0216213019416
0.0928961091686
0.0120936901161
0.101382798521
0.166186757454
0.163921332487
0.0695592518734
0.035370487851
0.065937993318
0.171470736849
0.0930354621829
0.165686983759
0.0802597566854
0.170286818208
0.167467144087
0.135265455553
0.0297804499624
0.00174950068431
0.189536342642
0.0943600039837
0.0328566949016
0.150585391451
0.115576610294
0.147260456782
0.104487345914
0.139651735405
0.137048043342
0.153344127433
0.0266717756619
0.136799608109
0.119766558715
0.0692576956909
0.0748498923938
0.0384004754519
0.112335375205
0.192801589444
0.00781446177722
0.0689077088485
0.143333399677
0.020060006988
0.182881388735
0.188042135017
0.0475574989529
0.168007150648
0.167930361246
0.0612070125811
0.11819432401
0.169704210881
0.0321480795693
0.0440859075158
0.0834864446143
0.102575466699
0.0783361515944
0.092010031678
0.0817203947781
