Valor Objetivo:676.417265043
Runtime:3.19952392578
Gap:0.0
1_1_1_1_50_1.0
4_1_1_1_5_1.0
5_1_1_1_6_1.0
7_1_1_1_68_1.0
8_1_1_1_78_1.0
9_1_1_1_58_1.0
10_1_1_1_1_1.0
11_1_1_1_31_1.0
12_2_1_1_76_1.0
13_2_1_1_63_1.0
14_2_1_1_37_1.0
15_2_1_1_71_1.0
17_2_1_1_54_1.0
18_2_1_1_65_1.0
19_2_1_1_33_1.0
20_2_1_1_40_1.0
21_2_1_1_30_1.0
23_3_2_1_55_1.0
24_3_2_1_70_1.0
25_3_2_1_4_1.0
26_3_2_1_77_1.0
29_3_2_1_45_1.0
30_3_2_1_35_1.0
31_3_2_1_66_1.0
32_3_2_1_2_1.0
33_3_2_1_7_1.0
34_4_2_1_46_1.0
35_4_2_1_8_1.0
36_4_2_1_81_1.0
37_4_2_1_85_1.0
40_4_2_1_60_1.0
42_4_2_1_75_1.0
43_4_2_1_59_1.0
44_4_2_1_42_1.0
45_5_3_2_64_1.0
46_5_3_2_67_1.0
48_5_3_2_52_1.0
49_5_3_2_88_1.0
50_5_3_2_53_1.0
51_5_3_2_56_1.0
52_5_3_2_84_1.0
54_5_3_2_44_1.0
55_5_3_2_10_1.0
57_6_3_2_57_1.0
60_6_3_2_34_1.0
61_6_3_2_82_1.0
62_6_3_2_51_1.0
63_6_3_2_39_1.0
64_6_3_2_83_1.0
65_6_3_2_43_1.0
66_6_3_2_79_1.0
67_7_4_2_3_1.0
68_7_4_2_72_1.0
69_7_4_2_69_1.0
71_7_4_2_9_1.0
73_7_4_2_49_1.0
74_7_4_2_48_1.0
75_7_4_2_47_1.0
76_7_4_2_41_1.0
77_7_4_2_73_1.0
78_8_4_2_36_1.0
80_8_4_2_62_1.0
81_8_4_2_38_1.0
82_8_4_2_74_1.0
83_8_4_2_80_1.0
85_8_4_2_61_1.0
87_8_4_2_32_1.0
score_s_1_1_1_85.0
score_s_2_1_1_85.0
score_s_3_2_1_90.0
score_s_4_2_1_88.0
score_s_5_3_2_95.0
score_s_6_3_2_85.0
score_s_7_4_2_97.0
score_s_8_4_2_87.0
score_t_1_1_85.0
score_t_2_1_89.0
score_t_3_2_90.0
score_t_4_2_92.0
score_m_1_87.0
score_m_2_91.0
DURACION
6.0
13.0
7.0
3.0
7.0
9.0
13.0
14.0
9.0
9.0
13.0
3.0
6.0
6.0
11.0
12.0
13.0
4.0
14.0
3.0
9.0
3.0
9.0
6.0
10.0
12.0
6.0
8.0
4.0
13.0
9.0
10.0
14.0
12.0
9.0
8.0
9.0
4.0
8.0
8.0
14.0
14.0
7.0
4.0
4.0
10.0
7.0
9.0
10.0
7.0
12.0
9.0
11.0
12.0
4.0
6.0
7.0
10.0
5.0
9.0
13.0
6.0
9.0
7.0
8.0
3.0
10.0
14.0
14.0
7.0
9.0
4.0
12.0
4.0
14.0
10.0
9.0
13.0
13.0
15.0
7.0
4.0
3.0
9.0
3.0
3.0
12.0
13.0
VALOR
9.0
15.0
9.0
9.0
9.0
9.0
11.0
14.0
13.0
9.0
15.0
9.0
9.0
9.0
9.0
15.0
14.0
9.0
11.0
9.0
15.0
9.0
12.0
9.0
11.0
13.0
9.0
9.0
9.0
14.0
9.0
10.0
14.0
14.0
9.0
9.0
14.0
9.0
9.0
9.0
13.0
14.0
9.0
9.0
9.0
14.0
9.0
9.0
14.0
9.0
11.0
9.0
12.0
15.0
9.0
9.0
9.0
12.0
9.0
13.0
10.0
9.0
9.0
9.0
9.0
9.0
14.0
15.0
10.0
9.0
9.0
9.0
14.0
9.0
12.0
15.0
13.0
10.0
11.0
13.0
9.0
9.0
9.0
13.0
9.0
9.0
14.0
9.0
ESTRES
0.438382016674
0.439278581076
0.421852686468
0.480893565381
0.435943525719
0.449850714721
0.466839697323
0.44948007221
0.412802053552
0.467204068057
0.480493654411
0.454459254999
0.429392010128
0.45535554149
0.422006926656
0.482427164493
0.487284664651
0.406757163056
0.447835529968
0.498788603041
0.442033542051
0.401709214204
0.460895280581
0.429168331206
0.491722389701
0.446551911797
0.461257692678
0.450005838753
0.466491293205
0.0958608072561
0.0484322008453
0.0303321840783
0.0772623928451
0.0812018642455
0.055215637746
0.149472827503
0.193825771397
0.041891709457
0.155673086486
0.116487437254
0.0395145806463
0.0231802205348
0.123964399279
0.149989518583
0.1952382723
0.0394123999755
0.0784210323898
0.171005041038
0.00618875691452
0.00549474824245
0.11140415628
0.0321946083752
0.0596033671856
0.0773801302642
0.0983971479754
0.180973516092
0.017098126561
0.0882494293641
0.112403507703
0.126632938728
0.0909788233663
0.030402542652
0.0398823838711
0.177378404497
0.0440853787262
0.0796659713616
0.11755072973
0.157648953206
0.169902014328
0.0864883408553
0.103862858484
0.0343869629899
0.02486128863
0.0111957748957
0.14573662517
0.0796144028717
0.0757918431125
0.102248386717
0.176683088961
0.0188255060791
0.0362281915611
0.175438489118
0.0270850702466
0.017282254102
0.0609532016328
0.188850170769
0.191799299715
0.158631331412
