Valor Objetivo:506.159227157
Runtime:3.51144695282
Gap:0.0
1_1_1_1_34_1.0
2_1_1_1_88_1.0
4_1_1_1_60_1.0
5_1_1_1_1_1.0
7_1_1_1_4_1.0
8_1_1_1_72_1.0
10_1_1_1_77_1.0
11_1_1_1_3_1.0
12_2_1_1_80_1.0
14_2_1_1_58_1.0
15_2_1_1_66_1.0
17_2_1_1_36_1.0
18_2_1_1_61_1.0
19_2_1_1_82_1.0
20_2_1_1_53_1.0
23_3_2_1_50_1.0
25_3_2_1_54_1.0
26_3_2_1_51_1.0
27_3_2_1_48_1.0
29_3_2_1_47_1.0
30_3_2_1_63_1.0
32_3_2_1_35_1.0
36_4_2_1_74_1.0
37_4_2_1_56_1.0
39_4_2_1_52_1.0
40_4_2_1_59_1.0
41_4_2_1_67_1.0
42_4_2_1_55_1.0
43_4_2_1_2_1.0
44_4_2_1_85_1.0
45_5_3_2_40_1.0
46_5_3_2_37_1.0
50_5_3_2_62_1.0
51_5_3_2_46_1.0
52_5_3_2_73_1.0
53_5_3_2_69_1.0
55_5_3_2_41_1.0
58_6_3_2_81_1.0
59_6_3_2_42_1.0
60_6_3_2_45_1.0
61_6_3_2_75_1.0
62_6_3_2_65_1.0
63_6_3_2_76_1.0
66_6_3_2_84_1.0
67_7_4_2_57_1.0
68_7_4_2_71_1.0
70_7_4_2_70_1.0
72_7_4_2_64_1.0
73_7_4_2_38_1.0
74_7_4_2_32_1.0
76_7_4_2_68_1.0
77_7_4_2_31_1.0
78_8_4_2_39_1.0
81_8_4_2_30_1.0
82_8_4_2_49_1.0
83_8_4_2_43_1.0
84_8_4_2_87_1.0
86_8_4_2_33_1.0
87_8_4_2_86_1.0
score_s_1_1_1_78.0
score_s_2_1_1_76.0
score_s_3_2_1_81.0
score_s_4_2_1_85.0
score_s_5_3_2_87.0
score_s_6_3_2_75.0
score_s_7_4_2_79.0
score_s_8_4_2_75.0
score_t_1_1_77.0
score_t_2_1_83.0
score_t_3_2_81.0
score_t_4_2_77.0
score_m_1_80.0
score_m_2_79.0
DURACION
7.0
9.0
14.0
9.0
9.0
15.0
15.0
4.0
13.0
8.0
3.0
5.0
10.0
9.0
9.0
9.0
5.0
12.0
10.0
12.0
4.0
12.0
3.0
8.0
14.0
3.0
12.0
7.0
3.0
12.0
13.0
8.0
9.0
9.0
11.0
7.0
9.0
13.0
9.0
14.0
9.0
4.0
10.0
3.0
3.0
12.0
14.0
9.0
3.0
11.0
7.0
4.0
5.0
9.0
13.0
10.0
5.0
10.0
9.0
15.0
10.0
12.0
13.0
11.0
8.0
14.0
10.0
14.0
14.0
9.0
14.0
9.0
10.0
7.0
15.0
12.0
13.0
12.0
5.0
11.0
12.0
10.0
5.0
3.0
11.0
11.0
11.0
3.0
VALOR
9.0
10.0
10.0
9.0
9.0
10.0
12.0
9.0
13.0
9.0
9.0
9.0
11.0
9.0
11.0
9.0
9.0
12.0
12.0
14.0
9.0
15.0
9.0
9.0
15.0
9.0
15.0
9.0
9.0
13.0
13.0
9.0
14.0
9.0
10.0
9.0
9.0
11.0
9.0
10.0
15.0
9.0
14.0
9.0
9.0
9.0
14.0
13.0
9.0
9.0
9.0
9.0
9.0
12.0
14.0
13.0
9.0
9.0
9.0
15.0
14.0
9.0
15.0
11.0
9.0
9.0
11.0
14.0
14.0
9.0
12.0
10.0
10.0
9.0
10.0
12.0
12.0
12.0
9.0
11.0
9.0
11.0
9.0
9.0
15.0
14.0
15.0
9.0
ESTRES
0.411935525019
0.478721961708
0.470190380989
0.416581703808
0.449505827804
0.442644415373
0.412616009774
0.433495390087
0.496916650998
0.403009064805
0.434488690692
0.481642872957
0.482176515446
0.441496652543
0.417154346691
0.445671887137
0.457229682965
0.44074249061
0.400553215284
0.486838508931
0.444772932146
0.443098386776
0.425811228124
0.495152002043
0.490435487784
0.466829304989
0.487511644694
0.42569590066
0.46624463808
0.101740581274
0.162009420817
0.165413063369
0.0294687517987
0.141815437456
0.0312178500631
0.129215826261
0.0598188707618
0.140408664121
0.0364908466029
0.133400335651
0.0299860267396
0.139626933392
0.108985542727
0.185676005241
0.155753335556
0.0451255407807
0.0510394113337
0.176903808557
0.0865851816322
0.0587850026532
0.0950149932178
0.0713572095531
0.00490755521937
0.102731868723
0.171869938339
0.104897546603
0.170154031981
0.0652059412676
0.0960224103238
0.101324387434
0.0155254155263
0.131945605808
0.00850199833431
0.0598165847929
0.0382810822544
0.100309900731
0.0702060281935
0.0560034782216
0.0858777077427
0.116252016496
0.0392748230902
0.0643020028445
0.0486298855962
0.0894460706054
0.0317253624286
0.0775416579066
0.0502620510963
0.190184302415
0.180685847979
0.114697071015
0.00626056528545
0.129010446582
0.178960096586
0.120815647472
0.08387974493
0.13070969237
0.128776321566
0.109739324901
