Valor Objetivo:459.025310708
Runtime:3.12324714661
Gap:0.0
1_1_1_1_46_1.0
2_1_1_1_60_1.0
3_1_1_1_51_1.0
5_1_1_1_66_1.0
6_1_1_1_67_1.0
8_1_1_1_54_1.0
9_1_1_1_71_1.0
12_2_1_1_84_1.0
13_2_1_1_65_1.0
14_2_1_1_50_1.0
15_2_1_1_68_1.0
18_2_1_1_55_1.0
19_2_1_1_39_1.0
21_2_1_1_2_1.0
23_3_2_1_32_1.0
24_3_2_1_72_1.0
26_3_2_1_48_1.0
27_3_2_1_30_1.0
28_3_2_1_52_1.0
32_3_2_1_87_1.0
33_3_2_1_1_1.0
34_4_2_1_41_1.0
37_4_2_1_36_1.0
38_4_2_1_64_1.0
39_4_2_1_70_1.0
40_4_2_1_38_1.0
42_4_2_1_31_1.0
43_4_2_1_80_1.0
45_5_3_2_33_1.0
46_5_3_2_3_1.0
48_5_3_2_45_1.0
49_5_3_2_85_1.0
50_5_3_2_43_1.0
52_5_3_2_35_1.0
54_5_3_2_44_1.0
55_5_3_2_56_1.0
57_6_3_2_47_1.0
58_6_3_2_81_1.0
59_6_3_2_42_1.0
60_6_3_2_75_1.0
62_6_3_2_40_1.0
63_6_3_2_49_1.0
64_6_3_2_58_1.0
68_7_4_2_57_1.0
70_7_4_2_74_1.0
71_7_4_2_34_1.0
72_7_4_2_63_1.0
75_7_4_2_59_1.0
76_7_4_2_37_1.0
78_8_4_2_53_1.0
81_8_4_2_79_1.0
82_8_4_2_61_1.0
83_8_4_2_69_1.0
84_8_4_2_78_1.0
85_8_4_2_83_1.0
86_8_4_2_77_1.0
87_8_4_2_73_1.0
score_s_1_1_1_72.0
score_s_2_1_1_70.0
score_s_3_2_1_80.0
score_s_4_2_1_70.0
score_s_5_3_2_72.0
score_s_6_3_2_86.0
score_s_7_4_2_70.0
score_s_8_4_2_72.0
score_t_1_1_71.0
score_t_2_1_75.0
score_t_3_2_79.0
score_t_4_2_71.0
score_m_1_73.0
score_m_2_75.0
DURACION
9.0
13.0
12.0
6.0
9.0
6.0
11.0
6.0
14.0
9.0
3.0
8.0
5.0
14.0
9.0
13.0
5.0
14.0
14.0
13.0
5.0
4.0
14.0
5.0
4.0
10.0
6.0
9.0
7.0
12.0
5.0
3.0
9.0
5.0
11.0
11.0
11.0
12.0
15.0
9.0
14.0
7.0
5.0
4.0
12.0
8.0
11.0
14.0
11.0
14.0
4.0
11.0
3.0
6.0
3.0
9.0
8.0
6.0
3.0
11.0
15.0
9.0
3.0
14.0
10.0
7.0
13.0
15.0
9.0
11.0
9.0
6.0
3.0
9.0
6.0
11.0
14.0
4.0
12.0
14.0
4.0
10.0
4.0
12.0
14.0
15.0
8.0
6.0
VALOR
11.0
15.0
13.0
9.0
13.0
9.0
9.0
9.0
10.0
9.0
9.0
9.0
9.0
11.0
9.0
12.0
9.0
12.0
13.0
10.0
9.0
9.0
15.0
9.0
9.0
10.0
9.0
9.0
9.0
12.0
9.0
9.0
9.0
9.0
14.0
10.0
12.0
15.0
12.0
9.0
14.0
9.0
9.0
9.0
12.0
9.0
10.0
12.0
9.0
12.0
9.0
10.0
9.0
9.0
9.0
14.0
9.0
9.0
9.0
14.0
14.0
9.0
9.0
15.0
13.0
9.0
14.0
12.0
15.0
9.0
15.0
9.0
9.0
9.0
9.0
12.0
14.0
9.0
9.0
13.0
9.0
10.0
9.0
11.0
12.0
12.0
9.0
9.0
ESTRES
0.466451704693
0.473984670822
0.409159602045
0.496128798713
0.479937421759
0.412513022546
0.473537882721
0.485853938203
0.494777479117
0.496706193296
0.432672123351
0.495742829733
0.46018043594
0.466905134379
0.437614954362
0.463010877223
0.486116004945
0.432367901655
0.460638951762
0.444398393429
0.440120324013
0.464485571731
0.463700413963
0.486684433261
0.442613429923
0.492936094186
0.464892983743
0.408489568341
0.440361432147
0.120941598085
0.175190806799
0.147082732565
0.173253158753
0.194823775219
0.094353507625
0.0781382131409
0.195130296136
0.106965249359
0.0529485328315
0.00133032432818
0.0165354084809
0.117283769452
0.150905658733
0.0684242983483
0.107369934699
0.122491605852
0.0253696354454
0.0685525770034
0.19230821485
0.0603663915472
0.119664170388
0.146768520233
0.113137423242
0.0785107670957
0.188429108745
0.148653591529
0.0575877977015
0.0488288294478
0.0772097067394
0.160937026274
0.0982925166707
0.18792650766
0.00159244977291
0.122132000048
0.0139896750842
0.0848374254632
0.0569360704322
0.139748534919
0.167313514506
0.0800167994191
0.0619777058323
0.0441526621936
0.178155490437
0.158489926377
0.00543673254071
0.183087879255
0.146690238173
0.0897361004444
0.120398890038
0.0665337672534
0.000138576653202
0.186602514458
0.135738077311
0.0841697099615
0.105300253416
0.195629862567
0.0307823512058
0.185017777617
