Valor Objetivo:737.0
Runtime:900.5513756275177
Gap:0.0027137042062415195
2_1_1_1_64_1.0
4_1_1_1_26_1.0
5_1_1_1_73_1.0
6_1_1_1_1_1.0
7_1_1_1_55_1.0
9_1_1_1_18_1.0
10_1_1_1_50_1.0
11_1_1_1_10_1.0
score_s_1_1_1_88.0
13_2_1_1_17_1.0
14_2_1_1_79_1.0
15_2_1_1_39_1.0
16_2_1_1_78_1.0
17_2_1_1_58_1.0
19_2_1_1_20_1.0
20_2_1_1_41_1.0
21_2_1_1_86_1.0
22_2_1_1_19_1.0
score_s_2_1_1_95.0
23_3_2_1_47_1.0
24_3_2_1_53_1.0
25_3_2_1_14_1.0
26_3_2_1_27_1.0
27_3_2_1_16_1.0
28_3_2_1_36_1.0
29_3_2_1_70_1.0
33_3_2_1_76_1.0
score_s_3_2_1_99.0
34_4_2_1_24_1.0
35_4_2_1_9_1.0
36_4_2_1_67_1.0
37_4_2_1_15_1.0
38_4_2_1_32_1.0
41_4_2_1_51_1.0
42_4_2_1_87_1.0
44_4_2_1_68_1.0
score_s_4_2_1_90.0
46_5_3_2_75_1.0
47_5_3_2_85_1.0
49_5_3_2_13_1.0
50_5_3_2_40_1.0
52_5_3_2_65_1.0
53_5_3_2_57_1.0
54_5_3_2_5_1.0
55_5_3_2_2_1.0
score_s_5_3_2_91.0
56_6_3_2_34_1.0
58_6_3_2_7_1.0
60_6_3_2_22_1.0
61_6_3_2_72_1.0
63_6_3_2_61_1.0
64_6_3_2_49_1.0
66_6_3_2_80_1.0
score_s_6_3_2_86.0
67_7_4_2_31_1.0
69_7_4_2_38_1.0
70_7_4_2_3_1.0
71_7_4_2_59_1.0
72_7_4_2_11_1.0
74_7_4_2_25_1.0
75_7_4_2_37_1.0
77_7_4_2_52_1.0
score_s_7_4_2_93.0
78_8_4_2_81_1.0
79_8_4_2_42_1.0
80_8_4_2_46_1.0
81_8_4_2_60_1.0
82_8_4_2_45_1.0
83_8_4_2_62_1.0
84_8_4_2_4_1.0
86_8_4_2_56_1.0
score_s_8_4_2_95.0
DURACION
8.0
6.0
14.0
9.0
12.0
11.0
3.0
10.0
13.0
7.0
15.0
14.0
8.0
12.0
12.0
6.0
15.0
5.0
11.0
10.0
9.0
5.0
13.0
15.0
3.0
9.0
4.0
12.0
7.0
5.0
13.0
10.0
13.0
6.0
3.0
12.0
10.0
15.0
12.0
10.0
8.0
7.0
11.0
4.0
12.0
3.0
11.0
7.0
9.0
9.0
15.0
14.0
13.0
15.0
11.0
12.0
8.0
6.0
12.0
13.0
13.0
13.0
10.0
8.0
15.0
10.0
5.0
13.0
9.0
8.0
14.0
13.0
14.0
11.0
10.0
14.0
13.0
12.0
13.0
13.0
12.0
9.0
9.0
4.0
12.0
10.0
3.0
4.0
VALOR
9.0
9.0
15.0
9.0
11.0
9.0
9.0
14.0
9.0
9.0
15.0
15.0
9.0
14.0
11.0
9.0
12.0
9.0
15.0
14.0
9.0
9.0
11.0
15.0
9.0
13.0
9.0
10.0
9.0
9.0
13.0
9.0
15.0
9.0
9.0
15.0
10.0
10.0
9.0
13.0
9.0
9.0
11.0
9.0
14.0
9.0
13.0
9.0
15.0
15.0
14.0
9.0
14.0
13.0
13.0
12.0
9.0
9.0
9.0
15.0
12.0
11.0
15.0
9.0
10.0
11.0
9.0
15.0
9.0
9.0
9.0
10.0
9.0
10.0
14.0
15.0
15.0
10.0
14.0
9.0
14.0
9.0
9.0
9.0
10.0
13.0
9.0
9.0
ESTRES
0.049747763
0.411233506
0.232675535
0.319815567
0.038802044
0.472623489
0.15600765
0.379376471
0.153554058
0.029500799
0.11219823
0.426819751
0.182810123
0.035122613
0.284861307
0.106079426
0.130106593
0.104352223
0.256713304
0.014752687
0.312328641
0.293282057
0.35670978
0.070014081
0.005422126
0.106585801
0.023615457
0.298460193
0.296633617
0.318326414
0.055344995
0.078430174
0.35884866
0.235058144
0.323403156
0.125401105
0.063801966
0.192106251
0.040364336
0.224111054
0.206350106
0.062810053
0.456383747
0.365415505
0.166522949
0.080464599
0.015079737
0.337382843
0.251724863
0.027577456
0.079062933
0.221753915
0.247123416
0.378032087
0.138690422
0.24899119
0.254679669
0.216226733
0.25702144
0.152006042
0.235243477
0.19665273
0.447963928
0.053089824
0.117656911
0.466813513
0.251288425
0.239837684
0.298999072
0.019297065
0.287826678
0.218364083
0.195265839
0.35763019
0.162824798
0.018181214
0.354877311
0.046330219
0.159935948
0.210875584
0.166393684
0.478424545
0.384925216
0.329242966
0.269737965
0.028696365
0.21105223
0.429172244
