Valor Objetivo:528.0
Runtime:901.0647110939026
Gap:0.001893939393939394
2_1_1_1_10_1.0
5_1_1_1_22_1.0
6_1_1_1_21_1.0
10_1_1_1_7_1.0
11_1_1_1_18_1.0
score_s_1_1_1_60.0
14_2_1_1_62_1.0
15_2_1_1_20_1.0
17_2_1_1_32_1.0
19_2_1_1_19_1.0
20_2_1_1_52_1.0
22_2_1_1_44_1.0
score_s_2_1_1_64.0
23_3_2_1_8_1.0
24_3_2_1_28_1.0
25_3_2_1_12_1.0
29_3_2_1_1_1.0
33_3_2_1_5_1.0
score_s_3_2_1_68.0
35_4_2_1_29_1.0
36_4_2_1_50_1.0
37_4_2_1_65_1.0
41_4_2_1_6_1.0
42_4_2_1_73_1.0
44_4_2_1_24_1.0
score_s_4_2_1_65.0
47_5_3_2_78_1.0
49_5_3_2_56_1.0
50_5_3_2_49_1.0
52_5_3_2_23_1.0
53_5_3_2_75_1.0
55_5_3_2_47_1.0
score_s_5_3_2_65.0
56_6_3_2_11_1.0
58_6_3_2_16_1.0
60_6_3_2_38_1.0
63_6_3_2_9_1.0
66_6_3_2_26_1.0
score_s_6_3_2_66.0
67_7_4_2_2_1.0
70_7_4_2_41_1.0
71_7_4_2_46_1.0
72_7_4_2_15_1.0
75_7_4_2_4_1.0
77_7_4_2_17_1.0
score_s_7_4_2_69.0
80_8_4_2_3_1.0
81_8_4_2_13_1.0
82_8_4_2_14_1.0
83_8_4_2_36_1.0
84_8_4_2_74_1.0
86_8_4_2_37_1.0
score_s_8_4_2_71.0
DURACION
8.0
6.0
14.0
9.0
12.0
11.0
3.0
10.0
13.0
7.0
15.0
14.0
8.0
12.0
12.0
6.0
15.0
5.0
11.0
10.0
9.0
5.0
13.0
15.0
3.0
9.0
4.0
12.0
7.0
5.0
13.0
10.0
13.0
6.0
3.0
12.0
10.0
15.0
12.0
10.0
8.0
7.0
11.0
4.0
12.0
3.0
11.0
7.0
9.0
9.0
15.0
14.0
13.0
15.0
11.0
12.0
8.0
6.0
12.0
13.0
13.0
13.0
10.0
8.0
15.0
10.0
5.0
13.0
9.0
8.0
14.0
13.0
14.0
11.0
10.0
14.0
13.0
12.0
13.0
13.0
12.0
9.0
9.0
4.0
12.0
10.0
3.0
4.0
VALOR
9.0
9.0
15.0
9.0
11.0
9.0
9.0
14.0
9.0
9.0
15.0
15.0
9.0
14.0
11.0
9.0
12.0
9.0
15.0
14.0
9.0
9.0
11.0
15.0
9.0
13.0
9.0
10.0
9.0
9.0
13.0
9.0
15.0
9.0
9.0
15.0
10.0
10.0
9.0
13.0
9.0
9.0
11.0
9.0
14.0
9.0
13.0
9.0
15.0
15.0
14.0
9.0
14.0
13.0
13.0
12.0
9.0
9.0
9.0
15.0
12.0
11.0
15.0
9.0
10.0
11.0
9.0
15.0
9.0
9.0
9.0
10.0
9.0
10.0
14.0
15.0
15.0
10.0
14.0
9.0
14.0
9.0
9.0
9.0
10.0
13.0
9.0
9.0
ESTRES
0.462502956
0.471300631
0.369708379
0.415911638
0.436642865
0.427057437
0.377283672
0.366809766
0.381699606
0.427993487
0.410905744
0.353879368
0.40778088
0.399655635
0.356788641
0.406544465
0.463369596
0.406518145
0.369815888
0.403693494
0.47017858
0.44280091
0.393097504
0.44305755
0.4901943
0.372048719
0.490599787
0.447583967
0.401582595
0.480403426
0.48613181
0.426490285
0.48369986
0.465755325
0.477387682
0.365947469
0.399251856
0.405976123
0.498773667
0.465028464
0.373536001
0.459347346
0.473072278
0.417734803
0.437119996
0.393866672
0.40001052
0.446932107
0.389826585
0.405349023
0.435499794
0.386233127
0.409948549
0.458063978
0.441521178
0.350539134
0.416956486
0.448031571
0.489093755
0.473937336
0.428692311
0.357120879
0.43195075
0.495747261
0.390626673
0.394059327
0.408620027
0.454291713
0.442395795
0.396413408
0.388740068
0.40345978
0.357055385
0.351453761
0.382818662
0.399985531
0.396818769
0.373257143
0.488282485
0.382700238
0.438681191
0.406868159
0.412662705
0.489144654
0.377010307
0.457674424
0.403588242
0.388794985
