Valor Objetivo:566.0
Runtime:901.0399901866913
Gap:0.00530035335689046
2_1_1_1_19_1.0
5_1_1_1_39_1.0
6_1_1_1_50_1.0
10_1_1_1_12_1.0
11_1_1_1_28_1.0
score_s_1_1_1_60.0
13_2_1_1_16_1.0
14_2_1_1_29_1.0
15_2_1_1_3_1.0
17_2_1_1_45_1.0
19_2_1_1_4_1.0
20_2_1_1_30_1.0
22_2_1_1_44_1.0
score_s_2_1_1_73.0
23_3_2_1_11_1.0
24_3_2_1_48_1.0
25_3_2_1_18_1.0
29_3_2_1_7_1.0
33_3_2_1_9_1.0
score_s_3_2_1_68.0
35_4_2_1_27_1.0
36_4_2_1_46_1.0
37_4_2_1_43_1.0
41_4_2_1_21_1.0
42_4_2_1_40_1.0
44_4_2_1_31_1.0
score_s_4_2_1_65.0
47_5_3_2_55_1.0
49_5_3_2_17_1.0
50_5_3_2_22_1.0
52_5_3_2_2_1.0
53_5_3_2_36_1.0
54_5_3_2_1_1.0
55_5_3_2_25_1.0
score_s_5_3_2_79.0
56_6_3_2_23_1.0
58_6_3_2_14_1.0
60_6_3_2_54_1.0
63_6_3_2_8_1.0
64_6_3_2_34_1.0
66_6_3_2_26_1.0
score_s_6_3_2_75.0
67_7_4_2_15_1.0
70_7_4_2_33_1.0
71_7_4_2_51_1.0
72_7_4_2_24_1.0
75_7_4_2_10_1.0
77_7_4_2_32_1.0
score_s_7_4_2_69.0
79_8_4_2_6_1.0
80_8_4_2_5_1.0
81_8_4_2_20_1.0
82_8_4_2_13_1.0
84_8_4_2_53_1.0
86_8_4_2_47_1.0
score_s_8_4_2_77.0
DURACION
8.0
6.0
14.0
9.0
12.0
11.0
3.0
10.0
13.0
7.0
15.0
14.0
8.0
12.0
12.0
6.0
15.0
5.0
11.0
10.0
9.0
5.0
13.0
15.0
3.0
9.0
4.0
12.0
7.0
5.0
13.0
10.0
13.0
6.0
3.0
12.0
10.0
15.0
12.0
10.0
8.0
7.0
11.0
4.0
12.0
3.0
11.0
7.0
9.0
9.0
15.0
14.0
13.0
15.0
11.0
12.0
8.0
6.0
12.0
13.0
13.0
13.0
10.0
8.0
15.0
10.0
5.0
13.0
9.0
8.0
14.0
13.0
14.0
11.0
10.0
14.0
13.0
12.0
13.0
13.0
12.0
9.0
9.0
4.0
12.0
10.0
3.0
4.0
VALOR
9.0
9.0
15.0
9.0
11.0
9.0
9.0
14.0
9.0
9.0
15.0
15.0
9.0
14.0
11.0
9.0
12.0
9.0
15.0
14.0
9.0
9.0
11.0
15.0
9.0
13.0
9.0
10.0
9.0
9.0
13.0
9.0
15.0
9.0
9.0
15.0
10.0
10.0
9.0
13.0
9.0
9.0
11.0
9.0
14.0
9.0
13.0
9.0
15.0
15.0
14.0
9.0
14.0
13.0
13.0
12.0
9.0
9.0
9.0
15.0
12.0
11.0
15.0
9.0
10.0
11.0
9.0
15.0
9.0
9.0
9.0
10.0
9.0
10.0
14.0
15.0
15.0
10.0
14.0
9.0
14.0
9.0
9.0
9.0
10.0
13.0
9.0
9.0
ESTRES
0.082057116
0.015382923
0.06112123
0.096060735
0.028435951
0.036317791
0.030327327
0.043636156
0.109028434
0.052625561
0.124730067
0.033830706
0.111393547
0.019089379
0.069732874
0.107607945
0.032466474
0.097495952
0.094984393
0.070751851
0.045268931
0.10263183
0.030764965
0.096062085
0.132953939
0.012046745
0.142304196
0.138891519
0.111098452
0.177602013
0.285647971
0.228651822
0.188801778
0.166523306
0.316500107
0.160757272
0.329161062
0.329911702
0.260876429
0.285923507
0.299744331
0.29776328
0.299086468
0.16690148
0.162804776
0.268529803
0.167982884
0.218623952
0.204020427
0.235219029
0.230176766
0.318257155
0.214448795
0.199816531
0.189512711
0.283649462
0.279575197
0.316541414
0.308702257
0.471039595
0.435157643
0.40786129
0.499726437
0.492417365
0.397501518
0.365531578
0.465629907
0.428215791
0.455181601
0.451202023
0.373186369
0.486761227
0.433651424
0.469405329
0.397677784
0.421699777
0.418983421
0.481141858
0.478095538
0.3706758
0.429428245
0.418047788
0.409557076
0.446561851
0.416886052
0.414810278
0.37670391
0.457789696
