Valor Objetivo:722.0
Runtime:900.6444838047028
Gap:0.0013850415512465374
2_1_1_1_3_1.0
5_1_1_1_7_1.0
6_1_1_1_58_1.0
7_1_1_1_24_1.0
9_1_1_1_70_1.0
10_1_1_1_62_1.0
11_1_1_1_21_1.0
score_s_1_1_1_79.0
13_2_1_1_11_1.0
14_2_1_1_61_1.0
15_2_1_1_81_1.0
16_2_1_1_17_1.0
17_2_1_1_69_1.0
19_2_1_1_5_1.0
20_2_1_1_29_1.0
22_2_1_1_56_1.0
score_s_2_1_1_84.0
23_3_2_1_82_1.0
24_3_2_1_26_1.0
25_3_2_1_85_1.0
26_3_2_1_79_1.0
27_3_2_1_28_1.0
29_3_2_1_18_1.0
33_3_2_1_19_1.0
score_s_3_2_1_90.0
34_4_2_1_63_1.0
35_4_2_1_60_1.0
36_4_2_1_14_1.0
37_4_2_1_75_1.0
38_4_2_1_27_1.0
41_4_2_1_67_1.0
42_4_2_1_20_1.0
44_4_2_1_13_1.0
score_s_4_2_1_90.0
46_5_3_2_4_1.0
47_5_3_2_80_1.0
49_5_3_2_6_1.0
50_5_3_2_72_1.0
52_5_3_2_2_1.0
53_5_3_2_77_1.0
54_5_3_2_65_1.0
55_5_3_2_86_1.0
score_s_5_3_2_91.0
56_6_3_2_22_1.0
58_6_3_2_68_1.0
60_6_3_2_84_1.0
61_6_3_2_76_1.0
62_6_3_2_78_1.0
63_6_3_2_74_1.0
64_6_3_2_88_1.0
66_6_3_2_71_1.0
score_s_6_3_2_100.0
67_7_4_2_83_1.0
69_7_4_2_25_1.0
70_7_4_2_9_1.0
71_7_4_2_44_1.0
72_7_4_2_16_1.0
74_7_4_2_87_1.0
75_7_4_2_66_1.0
77_7_4_2_15_1.0
score_s_7_4_2_93.0
78_8_4_2_1_1.0
79_8_4_2_73_1.0
80_8_4_2_23_1.0
81_8_4_2_64_1.0
82_8_4_2_10_1.0
83_8_4_2_12_1.0
84_8_4_2_31_1.0
86_8_4_2_8_1.0
score_s_8_4_2_95.0
DURACION
8.0
6.0
14.0
9.0
12.0
11.0
3.0
10.0
13.0
7.0
15.0
14.0
8.0
12.0
12.0
6.0
15.0
5.0
11.0
10.0
9.0
5.0
13.0
15.0
3.0
9.0
4.0
12.0
7.0
5.0
13.0
10.0
13.0
6.0
3.0
12.0
10.0
15.0
12.0
10.0
8.0
7.0
11.0
4.0
12.0
3.0
11.0
7.0
9.0
9.0
15.0
14.0
13.0
15.0
11.0
12.0
8.0
6.0
12.0
13.0
13.0
13.0
10.0
8.0
15.0
10.0
5.0
13.0
9.0
8.0
14.0
13.0
14.0
11.0
10.0
14.0
13.0
12.0
13.0
13.0
12.0
9.0
9.0
4.0
12.0
10.0
3.0
4.0
VALOR
9.0
9.0
15.0
9.0
11.0
9.0
9.0
14.0
9.0
9.0
15.0
15.0
9.0
14.0
11.0
9.0
12.0
9.0
15.0
14.0
9.0
9.0
11.0
15.0
9.0
13.0
9.0
10.0
9.0
9.0
13.0
9.0
15.0
9.0
9.0
15.0
10.0
10.0
9.0
13.0
9.0
9.0
11.0
9.0
14.0
9.0
13.0
9.0
15.0
15.0
14.0
9.0
14.0
13.0
13.0
12.0
9.0
9.0
9.0
15.0
12.0
11.0
15.0
9.0
10.0
11.0
9.0
15.0
9.0
9.0
9.0
10.0
9.0
10.0
14.0
15.0
15.0
10.0
14.0
9.0
14.0
9.0
9.0
9.0
10.0
13.0
9.0
9.0
ESTRES
0.095010448
0.047732856
0.1297658
0.041013807
0.152493799
0.132671391
0.222865759
0.303836814
0.263717639
0.156259262
0.245028847
0.207792105
0.273143247
0.322685985
0.221184171
0.151855687
0.130403115
0.044114538
0.059902516
0.214479499
0.252317026
0.120985329
0.021806431
0.193084539
0.192227458
0.301963147
0.088403959
0.217538108
0.301181322
0.415302104
0.377962932
0.492152205
0.434523313
0.476524849
0.447388844
0.497667151
0.443972631
0.47168687
0.424703064
0.408419801
0.487348093
0.403356717
0.38594115
0.363468328
0.44755238
0.490696226
0.475114981
0.464701014
0.378830456
0.485791561
0.388208918
0.439458265
0.404041995
0.484660774
0.49990625
0.361880657
0.408476097
0.373547924
0.437773862
0.191896416
0.250781403
0.088730801
0.046970589
0.155700015
0.07279774
0.060019324
0.076017307
0.028737039
0.296886918
0.211090514
0.078121378
0.227564684
0.038113609
0.029017488
0.323023421
0.119624288
0.294185577
0.012790219
0.145053941
0.305414766
0.186815431
0.09060912
0.063623307
0.279417633
0.170591367
0.28300453
0.052585615
0.172610376
