Valor Objetivo:524.0
Runtime:901.0415873527527
Gap:0.0019083969465648854
2_1_1_1_10_1.0
5_1_1_1_16_1.0
6_1_1_1_19_1.0
10_1_1_1_4_1.0
11_1_1_1_14_1.0
score_s_1_1_1_60.0
14_2_1_1_29_1.0
15_2_1_1_15_1.0
17_2_1_1_42_1.0
19_2_1_1_11_1.0
20_2_1_1_38_1.0
22_2_1_1_18_1.0
score_s_2_1_1_64.0
23_3_2_1_5_1.0
24_3_2_1_48_1.0
25_3_2_1_13_1.0
26_3_2_1_8_1.0
29_3_2_1_3_1.0
score_s_3_2_1_66.0
35_4_2_1_45_1.0
36_4_2_1_58_1.0
37_4_2_1_32_1.0
38_4_2_1_20_1.0
42_4_2_1_71_1.0
44_4_2_1_24_1.0
score_s_4_2_1_63.0
47_5_3_2_72_1.0
49_5_3_2_25_1.0
50_5_3_2_17_1.0
52_5_3_2_21_1.0
53_5_3_2_37_1.0
55_5_3_2_28_1.0
score_s_5_3_2_65.0
56_6_3_2_46_1.0
58_6_3_2_12_1.0
60_6_3_2_76_1.0
63_6_3_2_6_1.0
66_6_3_2_22_1.0
score_s_6_3_2_66.0
67_7_4_2_7_1.0
70_7_4_2_23_1.0
71_7_4_2_33_1.0
72_7_4_2_36_1.0
75_7_4_2_1_1.0
77_7_4_2_35_1.0
score_s_7_4_2_69.0
80_8_4_2_2_1.0
81_8_4_2_9_1.0
82_8_4_2_26_1.0
83_8_4_2_43_1.0
84_8_4_2_27_1.0
86_8_4_2_34_1.0
score_s_8_4_2_71.0
DURACION
8.0
6.0
14.0
9.0
12.0
11.0
3.0
10.0
13.0
7.0
15.0
14.0
8.0
12.0
12.0
6.0
15.0
5.0
11.0
10.0
9.0
5.0
13.0
15.0
3.0
9.0
4.0
12.0
7.0
5.0
13.0
10.0
13.0
6.0
3.0
12.0
10.0
15.0
12.0
10.0
8.0
7.0
11.0
4.0
12.0
3.0
11.0
7.0
9.0
9.0
15.0
14.0
13.0
15.0
11.0
12.0
8.0
6.0
12.0
13.0
13.0
13.0
10.0
8.0
15.0
10.0
5.0
13.0
9.0
8.0
14.0
13.0
14.0
11.0
10.0
14.0
13.0
12.0
13.0
13.0
12.0
9.0
9.0
4.0
12.0
10.0
3.0
4.0
VALOR
9.0
9.0
15.0
9.0
11.0
9.0
9.0
14.0
9.0
9.0
15.0
15.0
9.0
14.0
11.0
9.0
12.0
9.0
15.0
14.0
9.0
9.0
11.0
15.0
9.0
13.0
9.0
10.0
9.0
9.0
13.0
9.0
15.0
9.0
9.0
15.0
10.0
10.0
9.0
13.0
9.0
9.0
11.0
9.0
14.0
9.0
13.0
9.0
15.0
15.0
14.0
9.0
14.0
13.0
13.0
12.0
9.0
9.0
9.0
15.0
12.0
11.0
15.0
9.0
10.0
11.0
9.0
15.0
9.0
9.0
9.0
10.0
9.0
10.0
14.0
15.0
15.0
10.0
14.0
9.0
14.0
9.0
9.0
9.0
10.0
13.0
9.0
9.0
ESTRES
0.174095637
0.285522908
0.217262801
0.286292057
0.217859868
0.206413579
0.198319774
0.230674771
0.274727357
0.234809155
0.325281979
0.187761945
0.291596681
0.295484847
0.230283547
0.316958101
0.322829256
0.330287138
0.302345263
0.178844766
0.194462425
0.233008913
0.229996523
0.289720549
0.239449472
0.186343087
0.26629957
0.275018409
0.197386627
0.311349915
0.327860812
0.273228982
0.257594077
0.223903527
0.195540325
0.171655576
0.246893286
0.210243678
0.321104686
0.280188077
0.32294797
0.207393148
0.166537022
0.333598991
0.176255716
0.181539945
0.313541705
0.195522453
0.29818033
0.236125615
0.232944703
0.246975664
0.259919043
0.32425445
0.230015242
0.222079529
0.272189489
0.203772787
0.216911082
0.254775915
0.237775647
0.336529633
0.281774963
0.264700495
0.237537348
0.237447116
0.275082048
0.233763749
0.258724544
0.262147562
0.169940931
0.192161044
0.273255279
0.251092777
0.289411113
0.185763178
0.244415267
0.251773774
0.207546989
0.21873526
0.222144465
0.254581255
0.301438019
0.306054647
0.334789386
0.265457557
0.215900005
0.187787701
