Valor Objetivo:711.0
Runtime:901.1028735637665
Gap:0.0028129395218002813
2_1_1_1_16_1.0
4_1_1_1_57_1.0
5_1_1_1_32_1.0
6_1_1_1_34_1.0
7_1_1_1_56_1.0
10_1_1_1_17_1.0
11_1_1_1_52_1.0
score_s_1_1_1_79.0
13_2_1_1_41_1.0
14_2_1_1_46_1.0
15_2_1_1_1_1.0
16_2_1_1_54_1.0
17_2_1_1_55_1.0
19_2_1_1_36_1.0
20_2_1_1_31_1.0
22_2_1_1_30_1.0
score_s_2_1_1_84.0
23_3_2_1_18_1.0
24_3_2_1_38_1.0
25_3_2_1_3_1.0
26_3_2_1_5_1.0
27_3_2_1_50_1.0
29_3_2_1_9_1.0
33_3_2_1_12_1.0
score_s_3_2_1_90.0
34_4_2_1_14_1.0
35_4_2_1_13_1.0
36_4_2_1_43_1.0
37_4_2_1_40_1.0
38_4_2_1_25_1.0
41_4_2_1_19_1.0
42_4_2_1_37_1.0
44_4_2_1_48_1.0
score_s_4_2_1_90.0
46_5_3_2_23_1.0
47_5_3_2_71_1.0
49_5_3_2_2_1.0
50_5_3_2_58_1.0
52_5_3_2_28_1.0
53_5_3_2_45_1.0
54_5_3_2_15_1.0
55_5_3_2_51_1.0
score_s_5_3_2_91.0
56_6_3_2_33_1.0
58_6_3_2_11_1.0
60_6_3_2_81_1.0
62_6_3_2_27_1.0
63_6_3_2_10_1.0
64_6_3_2_47_1.0
66_6_3_2_4_1.0
score_s_6_3_2_89.0
67_7_4_2_20_1.0
69_7_4_2_8_1.0
70_7_4_2_35_1.0
71_7_4_2_53_1.0
72_7_4_2_6_1.0
74_7_4_2_26_1.0
75_7_4_2_22_1.0
77_7_4_2_49_1.0
score_s_7_4_2_93.0
78_8_4_2_7_1.0
79_8_4_2_29_1.0
80_8_4_2_24_1.0
81_8_4_2_21_1.0
82_8_4_2_42_1.0
83_8_4_2_59_1.0
84_8_4_2_44_1.0
86_8_4_2_39_1.0
score_s_8_4_2_95.0
DURACION
8.0
6.0
14.0
9.0
12.0
11.0
3.0
10.0
13.0
7.0
15.0
14.0
8.0
12.0
12.0
6.0
15.0
5.0
11.0
10.0
9.0
5.0
13.0
15.0
3.0
9.0
4.0
12.0
7.0
5.0
13.0
10.0
13.0
6.0
3.0
12.0
10.0
15.0
12.0
10.0
8.0
7.0
11.0
4.0
12.0
3.0
11.0
7.0
9.0
9.0
15.0
14.0
13.0
15.0
11.0
12.0
8.0
6.0
12.0
13.0
13.0
13.0
10.0
8.0
15.0
10.0
5.0
13.0
9.0
8.0
14.0
13.0
14.0
11.0
10.0
14.0
13.0
12.0
13.0
13.0
12.0
9.0
9.0
4.0
12.0
10.0
3.0
4.0
VALOR
9.0
9.0
15.0
9.0
11.0
9.0
9.0
14.0
9.0
9.0
15.0
15.0
9.0
14.0
11.0
9.0
12.0
9.0
15.0
14.0
9.0
9.0
11.0
15.0
9.0
13.0
9.0
10.0
9.0
9.0
13.0
9.0
15.0
9.0
9.0
15.0
10.0
10.0
9.0
13.0
9.0
9.0
11.0
9.0
14.0
9.0
13.0
9.0
15.0
15.0
14.0
9.0
14.0
13.0
13.0
12.0
9.0
9.0
9.0
15.0
12.0
11.0
15.0
9.0
10.0
11.0
9.0
15.0
9.0
9.0
9.0
10.0
9.0
10.0
14.0
15.0
15.0
10.0
14.0
9.0
14.0
9.0
9.0
9.0
10.0
13.0
9.0
9.0
ESTRES
0.128814597
0.112410102
0.029706124
0.099657362
0.056120093
0.076128843
0.109895857
0.125020521
0.013509902
0.063676063
0.098279036
0.022594627
0.103291832
0.039560924
0.061434158
0.122841089
0.088723144
0.087974558
0.032463465
0.048161675
0.124471508
0.039024105
0.131885903
0.054975134
0.091833047
0.01324342
0.068729946
0.100752709
0.036821595
0.284531675
0.313644952
0.258582698
0.171842617
0.277405505
0.224932553
0.166227536
0.21818091
0.306227836
0.260957049
0.333332896
0.24519359
0.163796859
0.275189851
0.320324882
0.280081296
0.25500288
0.233579433
0.240137283
0.227746187
0.201969873
0.251251485
0.21506333
0.318994042
0.173474266
0.282664816
0.218060644
0.201238503
0.236132174
0.210794047
0.461686675
0.401608178
0.438471553
0.490397025
0.371951748
0.43377625
0.438123153
0.459781376
0.391319265
0.46354554
0.380638695
0.363963109
0.426661272
0.416062662
0.39950956
0.379125476
0.450338111
0.407657226
0.399083036
0.364540732
0.496515424
0.35762089
0.423450469
0.383967458
0.426600043
0.370840844
0.368301616
0.463551632
0.478146586
