Valor Objetivo:646.0
Runtime:900.5289080142975
Gap:0.0046439628482972135
2_1_1_1_60_1.0
4_1_1_1_50_1.0
5_1_1_1_14_1.0
6_1_1_1_49_1.0
7_1_1_1_65_1.0
9_1_1_1_40_1.0
11_1_1_1_83_1.0
score_s_1_1_1_73.0
13_2_1_1_2_1.0
14_2_1_1_19_1.0
15_2_1_1_82_1.0
17_2_1_1_13_1.0
19_2_1_1_52_1.0
20_2_1_1_24_1.0
21_2_1_1_56_1.0
22_2_1_1_48_1.0
score_s_2_1_1_84.0
23_3_2_1_7_1.0
24_3_2_1_6_1.0
25_3_2_1_68_1.0
26_3_2_1_42_1.0
29_3_2_1_10_1.0
33_3_2_1_57_1.0
score_s_3_2_1_81.0
35_4_2_1_70_1.0
36_4_2_1_63_1.0
37_4_2_1_18_1.0
38_4_2_1_35_1.0
41_4_2_1_15_1.0
42_4_2_1_32_1.0
44_4_2_1_22_1.0
score_s_4_2_1_78.0
47_5_3_2_28_1.0
49_5_3_2_53_1.0
50_5_3_2_47_1.0
52_5_3_2_12_1.0
53_5_3_2_41_1.0
54_5_3_2_80_1.0
55_5_3_2_37_1.0
score_s_5_3_2_79.0
56_6_3_2_3_1.0
58_6_3_2_1_1.0
60_6_3_2_30_1.0
61_6_3_2_36_1.0
63_6_3_2_9_1.0
64_6_3_2_66_1.0
66_6_3_2_59_1.0
score_s_6_3_2_86.0
69_7_4_2_54_1.0
70_7_4_2_25_1.0
71_7_4_2_46_1.0
72_7_4_2_69_1.0
74_7_4_2_55_1.0
75_7_4_2_27_1.0
77_7_4_2_11_1.0
score_s_7_4_2_79.0
79_8_4_2_4_1.0
80_8_4_2_16_1.0
81_8_4_2_85_1.0
82_8_4_2_5_1.0
83_8_4_2_76_1.0
84_8_4_2_33_1.0
86_8_4_2_21_1.0
score_s_8_4_2_86.0
DURACION
8.0
6.0
14.0
9.0
12.0
11.0
3.0
10.0
13.0
7.0
15.0
14.0
8.0
12.0
12.0
6.0
15.0
5.0
11.0
10.0
9.0
5.0
13.0
15.0
3.0
9.0
4.0
12.0
7.0
5.0
13.0
10.0
13.0
6.0
3.0
12.0
10.0
15.0
12.0
10.0
8.0
7.0
11.0
4.0
12.0
3.0
11.0
7.0
9.0
9.0
15.0
14.0
13.0
15.0
11.0
12.0
8.0
6.0
12.0
13.0
13.0
13.0
10.0
8.0
15.0
10.0
5.0
13.0
9.0
8.0
14.0
13.0
14.0
11.0
10.0
14.0
13.0
12.0
13.0
13.0
12.0
9.0
9.0
4.0
12.0
10.0
3.0
4.0
VALOR
9.0
9.0
15.0
9.0
11.0
9.0
9.0
14.0
9.0
9.0
15.0
15.0
9.0
14.0
11.0
9.0
12.0
9.0
15.0
14.0
9.0
9.0
11.0
15.0
9.0
13.0
9.0
10.0
9.0
9.0
13.0
9.0
15.0
9.0
9.0
15.0
10.0
10.0
9.0
13.0
9.0
9.0
11.0
9.0
14.0
9.0
13.0
9.0
15.0
15.0
14.0
9.0
14.0
13.0
13.0
12.0
9.0
9.0
9.0
15.0
12.0
11.0
15.0
9.0
10.0
11.0
9.0
15.0
9.0
9.0
9.0
10.0
9.0
10.0
14.0
15.0
15.0
10.0
14.0
9.0
14.0
9.0
9.0
9.0
10.0
13.0
9.0
9.0
ESTRES
0.319137963
0.362438961
0.29074139
0.175519819
0.312757214
0.412213307
0.211859771
0.47503278
0.177046105
0.191619299
0.335344177
0.349455612
0.340755785
0.324440876
0.299840645
0.193207431
0.493733676
0.410186066
0.248464244
0.470939667
0.334110647
0.337869211
0.498697312
0.319764028
0.303573476
0.498429802
0.245114264
0.408803764
0.479047153
0.351926651
0.49887965
0.325226821
0.370297988
0.492773892
0.295703098
0.225674442
0.342117764
0.403846665
0.439522251
0.272359546
0.394939112
0.204918849
0.419574378
0.442442322
0.488548224
0.353185893
0.369052589
0.311227914
0.325379674
0.28658317
0.425857464
0.173005909
0.31050462
0.271181865
0.211495832
0.161250805
0.193981099
0.441781056
0.200919172
0.194093379
0.494706652
0.483743745
0.362217572
0.460277535
0.251067192
0.273333277
0.387602064
0.271574227
0.283575957
0.296054571
0.42909795
0.499207731
0.480926123
0.408212636
0.423653934
0.301338274
0.420997642
0.460230185
0.496462955
0.307966772
0.392546211
0.203847317
0.266168464
0.429624808
0.255360443
0.398420922
0.399431997
0.426299144
