Valor Objetivo:574.0
Runtime:900.9447441101074
Gap:0.003484320557491289
2_1_1_1_51_1.0
4_1_1_1_38_1.0
5_1_1_1_66_1.0
6_1_1_1_53_1.0
9_1_1_1_64_1.0
11_1_1_1_52_1.0
score_s_1_1_1_63.0
13_2_1_1_46_1.0
14_2_1_1_32_1.0
15_2_1_1_27_1.0
17_2_1_1_47_1.0
19_2_1_1_29_1.0
20_2_1_1_11_1.0
22_2_1_1_9_1.0
score_s_2_1_1_73.0
23_3_2_1_36_1.0
24_3_2_1_22_1.0
25_3_2_1_39_1.0
26_3_2_1_70_1.0
27_3_2_1_69_1.0
28_3_2_1_5_1.0
score_s_3_2_1_69.0
35_4_2_1_75_1.0
36_4_2_1_71_1.0
37_4_2_1_13_1.0
38_4_2_1_12_1.0
41_4_2_1_6_1.0
44_4_2_1_19_1.0
score_s_4_2_1_69.0
47_5_3_2_31_1.0
49_5_3_2_30_1.0
50_5_3_2_86_1.0
52_5_3_2_1_1.0
53_5_3_2_63_1.0
54_5_3_2_2_1.0
55_5_3_2_28_1.0
score_s_5_3_2_79.0
56_6_3_2_4_1.0
58_6_3_2_10_1.0
60_6_3_2_48_1.0
63_6_3_2_3_1.0
64_6_3_2_45_1.0
66_6_3_2_14_1.0
score_s_6_3_2_75.0
67_7_4_2_44_1.0
70_7_4_2_8_1.0
71_7_4_2_73_1.0
72_7_4_2_15_1.0
75_7_4_2_88_1.0
77_7_4_2_18_1.0
score_s_7_4_2_69.0
79_8_4_2_7_1.0
80_8_4_2_16_1.0
81_8_4_2_23_1.0
82_8_4_2_50_1.0
84_8_4_2_74_1.0
86_8_4_2_82_1.0
score_s_8_4_2_77.0
DURACION
8.0
6.0
14.0
9.0
12.0
11.0
3.0
10.0
13.0
7.0
15.0
14.0
8.0
12.0
12.0
6.0
15.0
5.0
11.0
10.0
9.0
5.0
13.0
15.0
3.0
9.0
4.0
12.0
7.0
5.0
13.0
10.0
13.0
6.0
3.0
12.0
10.0
15.0
12.0
10.0
8.0
7.0
11.0
4.0
12.0
3.0
11.0
7.0
9.0
9.0
15.0
14.0
13.0
15.0
11.0
12.0
8.0
6.0
12.0
13.0
13.0
13.0
10.0
8.0
15.0
10.0
5.0
13.0
9.0
8.0
14.0
13.0
14.0
11.0
10.0
14.0
13.0
12.0
13.0
13.0
12.0
9.0
9.0
4.0
12.0
10.0
3.0
4.0
VALOR
9.0
9.0
15.0
9.0
11.0
9.0
9.0
14.0
9.0
9.0
15.0
15.0
9.0
14.0
11.0
9.0
12.0
9.0
15.0
14.0
9.0
9.0
11.0
15.0
9.0
13.0
9.0
10.0
9.0
9.0
13.0
9.0
15.0
9.0
9.0
15.0
10.0
10.0
9.0
13.0
9.0
9.0
11.0
9.0
14.0
9.0
13.0
9.0
15.0
15.0
14.0
9.0
14.0
13.0
13.0
12.0
9.0
9.0
9.0
15.0
12.0
11.0
15.0
9.0
10.0
11.0
9.0
15.0
9.0
9.0
9.0
10.0
9.0
10.0
14.0
15.0
15.0
10.0
14.0
9.0
14.0
9.0
9.0
9.0
10.0
13.0
9.0
9.0
ESTRES
0.389962007
0.422685845
0.265408228
0.489830831
0.412943853
0.320534913
0.210906148
0.472415596
0.423154811
0.245916884
0.368523058
0.25215904
0.412909401
0.24069222
0.297891367
0.191673236
0.472177116
0.39906004
0.392950537
0.471462393
0.423192211
0.383289292
0.207364585
0.432635788
0.427145328
0.482010229
0.186494171
0.289313748
0.183274239
0.184913865
0.300745095
0.24061036
0.373847127
0.400226459
0.468674767
0.167166924
0.492666451
0.232310754
0.164134793
0.442574179
0.498612856
0.425541489
0.374662983
0.226204438
0.226149084
0.206409219
0.257199307
0.301962841
0.420488275
0.206614129
0.205004633
0.219353561
0.252794344
0.439592784
0.367682781
0.344936741
0.437622573
0.391369992
0.321755085
0.486431321
0.311997399
0.324988468
0.237467871
0.194285482
0.486071955
0.208023381
0.471056769
0.366830012
0.180561699
0.162767927
0.289054245
0.447423433
0.292385328
0.287140664
0.210356553
0.411015035
0.380436165
0.497498317
0.353468598
0.292156615
0.424412507
0.203742989
0.466112457
0.42469426
0.482168272
0.160849408
0.389309381
0.162086521
