Valor Objetivo:645.0
Runtime:900.8901472091675
Gap:0.009302325581395349
2_1_1_1_24_1.0
4_1_1_1_77_1.0
5_1_1_1_3_1.0
6_1_1_1_72_1.0
7_1_1_1_38_1.0
9_1_1_1_14_1.0
11_1_1_1_25_1.0
score_s_1_1_1_73.0
15_2_1_1_59_1.0
16_2_1_1_43_1.0
17_2_1_1_87_1.0
19_2_1_1_47_1.0
20_2_1_1_56_1.0
21_2_1_1_1_1.0
22_2_1_1_17_1.0
score_s_2_1_1_77.0
23_3_2_1_16_1.0
24_3_2_1_53_1.0
25_3_2_1_9_1.0
26_3_2_1_2_1.0
29_3_2_1_26_1.0
33_3_2_1_10_1.0
score_s_3_2_1_81.0
35_4_2_1_11_1.0
36_4_2_1_27_1.0
37_4_2_1_20_1.0
38_4_2_1_51_1.0
41_4_2_1_13_1.0
42_4_2_1_5_1.0
44_4_2_1_32_1.0
score_s_4_2_1_78.0
46_5_3_2_4_1.0
47_5_3_2_7_1.0
48_5_3_2_31_1.0
49_5_3_2_86_1.0
50_5_3_2_34_1.0
52_5_3_2_49_1.0
53_5_3_2_73_1.0
55_5_3_2_45_1.0
score_s_5_3_2_86.0
56_6_3_2_48_1.0
58_6_3_2_82_1.0
60_6_3_2_69_1.0
61_6_3_2_15_1.0
63_6_3_2_39_1.0
64_6_3_2_75_1.0
66_6_3_2_60_1.0
score_s_6_3_2_86.0
67_7_4_2_70_1.0
69_7_4_2_57_1.0
70_7_4_2_35_1.0
71_7_4_2_66_1.0
72_7_4_2_42_1.0
75_7_4_2_55_1.0
77_7_4_2_74_1.0
score_s_7_4_2_78.0
79_8_4_2_50_1.0
80_8_4_2_6_1.0
81_8_4_2_18_1.0
82_8_4_2_65_1.0
83_8_4_2_8_1.0
84_8_4_2_84_1.0
86_8_4_2_29_1.0
score_s_8_4_2_86.0
DURACION
8.0
6.0
14.0
9.0
12.0
11.0
3.0
10.0
13.0
7.0
15.0
14.0
8.0
12.0
12.0
6.0
15.0
5.0
11.0
10.0
9.0
5.0
13.0
15.0
3.0
9.0
4.0
12.0
7.0
5.0
13.0
10.0
13.0
6.0
3.0
12.0
10.0
15.0
12.0
10.0
8.0
7.0
11.0
4.0
12.0
3.0
11.0
7.0
9.0
9.0
15.0
14.0
13.0
15.0
11.0
12.0
8.0
6.0
12.0
13.0
13.0
13.0
10.0
8.0
15.0
10.0
5.0
13.0
9.0
8.0
14.0
13.0
14.0
11.0
10.0
14.0
13.0
12.0
13.0
13.0
12.0
9.0
9.0
4.0
12.0
10.0
3.0
4.0
VALOR
9.0
9.0
15.0
9.0
11.0
9.0
9.0
14.0
9.0
9.0
15.0
15.0
9.0
14.0
11.0
9.0
12.0
9.0
15.0
14.0
9.0
9.0
11.0
15.0
9.0
13.0
9.0
10.0
9.0
9.0
13.0
9.0
15.0
9.0
9.0
15.0
10.0
10.0
9.0
13.0
9.0
9.0
11.0
9.0
14.0
9.0
13.0
9.0
15.0
15.0
14.0
9.0
14.0
13.0
13.0
12.0
9.0
9.0
9.0
15.0
12.0
11.0
15.0
9.0
10.0
11.0
9.0
15.0
9.0
9.0
9.0
10.0
9.0
10.0
14.0
15.0
15.0
10.0
14.0
9.0
14.0
9.0
9.0
9.0
10.0
13.0
9.0
9.0
ESTRES
0.025022638
0.078506443
0.321713246
0.04367093
0.29426366
0.014185812
0.283677848
0.187487106
0.072426281
0.032006862
0.164600907
0.255967022
0.086793364
0.143634779
0.03632199
0.062855893
0.224358698
0.098153105
0.334756234
0.244019517
0.338422338
0.314747989
0.266650902
0.023671163
0.095448102
0.028865373
0.217933148
0.336291187
0.14552317
0.31900329
0.05101756
0.193118473
0.31960974
0.105542954
0.148787933
0.236569488
0.274501422
0.090195217
0.015212784
0.334804189
0.322925751
0.120210127
0.083715873
0.336442673
0.074972795
0.258072874
0.099475347
0.073163991
0.01872346
0.02422509
0.093319766
0.327862265
0.168491539
0.300022579
0.054183469
0.215349558
0.120503236
0.27359206
0.077975472
0.072866365
0.252740991
0.238126108
0.256172612
0.290886892
0.105822386
0.200346107
0.264865154
0.244791204
0.166857227
0.121439449
0.304152363
0.120278009
0.125806725
0.139230369
0.117028688
0.243836802
0.078696667
0.266886164
0.197429001
0.290756201
0.307406418
0.008555361
0.239862399
0.155844282
0.280751543
0.010430357
0.108719648
0.203370333
