Valor Objetivo:736.0
Runtime:900.6628742218018
Gap:0.002717391304347826
2_1_1_1_64_1.0
4_1_1_1_68_1.0
5_1_1_1_60_1.0
6_1_1_1_69_1.0
7_1_1_1_32_1.0
9_1_1_1_78_1.0
10_1_1_1_24_1.0
11_1_1_1_73_1.0
score_s_1_1_1_88.0
13_2_1_1_76_1.0
14_2_1_1_12_1.0
15_2_1_1_71_1.0
17_2_1_1_63_1.0
19_2_1_1_7_1.0
20_2_1_1_16_1.0
21_2_1_1_10_1.0
22_2_1_1_72_1.0
score_s_2_1_1_84.0
23_3_2_1_27_1.0
24_3_2_1_5_1.0
25_3_2_1_22_1.0
26_3_2_1_35_1.0
27_3_2_1_75_1.0
28_3_2_1_15_1.0
29_3_2_1_43_1.0
33_3_2_1_88_1.0
score_s_3_2_1_99.0
34_4_2_1_56_1.0
35_4_2_1_48_1.0
36_4_2_1_30_1.0
37_4_2_1_59_1.0
38_4_2_1_9_1.0
41_4_2_1_46_1.0
42_4_2_1_2_1.0
44_4_2_1_65_1.0
score_s_4_2_1_90.0
46_5_3_2_39_1.0
47_5_3_2_33_1.0
49_5_3_2_6_1.0
50_5_3_2_34_1.0
52_5_3_2_40_1.0
53_5_3_2_52_1.0
54_5_3_2_21_1.0
55_5_3_2_42_1.0
score_s_5_3_2_91.0
56_6_3_2_82_1.0
57_6_3_2_26_1.0
58_6_3_2_36_1.0
60_6_3_2_17_1.0
61_6_3_2_67_1.0
63_6_3_2_84_1.0
64_6_3_2_86_1.0
66_6_3_2_54_1.0
score_s_6_3_2_96.0
67_7_4_2_31_1.0
69_7_4_2_38_1.0
70_7_4_2_55_1.0
71_7_4_2_29_1.0
72_7_4_2_3_1.0
74_7_4_2_25_1.0
75_7_4_2_51_1.0
77_7_4_2_1_1.0
score_s_7_4_2_93.0
78_8_4_2_85_1.0
79_8_4_2_23_1.0
80_8_4_2_13_1.0
81_8_4_2_19_1.0
82_8_4_2_62_1.0
83_8_4_2_79_1.0
84_8_4_2_11_1.0
86_8_4_2_80_1.0
score_s_8_4_2_95.0
DURACION
8.0
6.0
14.0
9.0
12.0
11.0
3.0
10.0
13.0
7.0
15.0
14.0
8.0
12.0
12.0
6.0
15.0
5.0
11.0
10.0
9.0
5.0
13.0
15.0
3.0
9.0
4.0
12.0
7.0
5.0
13.0
10.0
13.0
6.0
3.0
12.0
10.0
15.0
12.0
10.0
8.0
7.0
11.0
4.0
12.0
3.0
11.0
7.0
9.0
9.0
15.0
14.0
13.0
15.0
11.0
12.0
8.0
6.0
12.0
13.0
13.0
13.0
10.0
8.0
15.0
10.0
5.0
13.0
9.0
8.0
14.0
13.0
14.0
11.0
10.0
14.0
13.0
12.0
13.0
13.0
12.0
9.0
9.0
4.0
12.0
10.0
3.0
4.0
VALOR
9.0
9.0
15.0
9.0
11.0
9.0
9.0
14.0
9.0
9.0
15.0
15.0
9.0
14.0
11.0
9.0
12.0
9.0
15.0
14.0
9.0
9.0
11.0
15.0
9.0
13.0
9.0
10.0
9.0
9.0
13.0
9.0
15.0
9.0
9.0
15.0
10.0
10.0
9.0
13.0
9.0
9.0
11.0
9.0
14.0
9.0
13.0
9.0
15.0
15.0
14.0
9.0
14.0
13.0
13.0
12.0
9.0
9.0
9.0
15.0
12.0
11.0
15.0
9.0
10.0
11.0
9.0
15.0
9.0
9.0
9.0
10.0
9.0
10.0
14.0
15.0
15.0
10.0
14.0
9.0
14.0
9.0
9.0
9.0
10.0
13.0
9.0
9.0
ESTRES
0.498235203
0.205209771
0.005596286
0.456516626
0.197043862
0.148055202
0.1852791
0.360586625
0.049615154
0.145275112
0.288428508
0.228698535
0.051623626
0.464564549
0.063563145
0.301363609
0.279755526
0.324034893
0.116534122
0.484322887
0.122976138
0.034027497
0.059232223
0.034521818
0.013003049
0.01011578
0.017120675
0.47576849
0.262586186
0.244720513
0.085278573
0.087785203
0.270963101
0.219810387
0.036874143
0.047921287
0.394897971
0.16495635
0.138943497
0.137238262
0.315024337
0.221652756
0.018441262
0.362220538
0.29941868
0.064076807
0.307452843
0.157133135
0.336929272
0.327799601
0.095097885
0.233322998
0.479280145
0.096339601
0.19691247
0.128239332
0.318390238
0.490585756
0.261355627
0.14662142
0.408350397
0.158504247
0.285527346
0.072513803
0.207150397
0.497777588
0.109655293
0.122166225
0.198703995
0.351685803
0.203675343
0.295909726
0.121769038
0.311228287
0.127375417
0.226720236
0.460387595
0.12399397
0.192387366
0.218274047
0.269324971
0.144124371
0.362504262
0.082057233
0.167092927
0.165569696
0.369357266
0.032331038
