Valor Objetivo:651.0
Runtime:900.499519109726
Gap:0.006144393241167435
1_1_1_1_19_1.0
2_1_1_1_80_1.0
3_1_1_1_84_1.0
4_1_1_1_10_1.0
8_1_1_1_67_1.0
9_1_1_1_8_1.0
10_1_1_1_47_1.0
11_1_1_1_23_1.0
score_s_1_1_1_80.0
13_2_1_1_77_1.0
14_2_1_1_40_1.0
15_2_1_1_49_1.0
17_2_1_1_41_1.0
18_2_1_1_61_1.0
19_2_1_1_25_1.0
20_2_1_1_73_1.0
score_s_2_1_1_73.0
23_3_2_1_53_1.0
25_3_2_1_9_1.0
26_3_2_1_26_1.0
27_3_2_1_76_1.0
29_3_2_1_24_1.0
30_3_2_1_64_1.0
32_3_2_1_87_1.0
33_3_2_1_31_1.0
score_s_3_2_1_86.0
35_4_2_1_4_1.0
36_4_2_1_35_1.0
37_4_2_1_54_1.0
38_4_2_1_3_1.0
39_4_2_1_52_1.0
40_4_2_1_72_1.0
41_4_2_1_63_1.0
43_4_2_1_75_1.0
score_s_4_2_1_86.0
45_5_3_2_2_1.0
47_5_3_2_16_1.0
48_5_3_2_11_1.0
51_5_3_2_36_1.0
52_5_3_2_83_1.0
53_5_3_2_27_1.0
54_5_3_2_1_1.0
55_5_3_2_82_1.0
score_s_5_3_2_82.0
56_6_3_2_78_1.0
57_6_3_2_71_1.0
59_6_3_2_43_1.0
60_6_3_2_33_1.0
63_6_3_2_13_1.0
65_6_3_2_6_1.0
66_6_3_2_65_1.0
score_s_6_3_2_74.0
67_7_4_2_29_1.0
68_7_4_2_14_1.0
69_7_4_2_45_1.0
70_7_4_2_37_1.0
71_7_4_2_22_1.0
74_7_4_2_7_1.0
76_7_4_2_79_1.0
score_s_7_4_2_81.0
78_8_4_2_69_1.0
79_8_4_2_15_1.0
81_8_4_2_86_1.0
82_8_4_2_44_1.0
83_8_4_2_21_1.0
84_8_4_2_56_1.0
86_8_4_2_18_1.0
87_8_4_2_5_1.0
88_8_4_2_20_1.0
score_s_8_4_2_89.0
DURACION
10.0
11.0
11.0
7.0
9.0
11.0
15.0
12.0
6.0
15.0
9.0
8.0
13.0
13.0
8.0
13.0
11.0
9.0
15.0
4.0
7.0
10.0
10.0
13.0
9.0
5.0
6.0
5.0
12.0
14.0
3.0
9.0
15.0
7.0
5.0
9.0
9.0
8.0
9.0
12.0
5.0
15.0
12.0
14.0
11.0
8.0
3.0
10.0
12.0
13.0
14.0
9.0
5.0
10.0
3.0
12.0
9.0
8.0
12.0
8.0
11.0
14.0
7.0
3.0
14.0
14.0
12.0
4.0
9.0
8.0
3.0
4.0
5.0
9.0
7.0
11.0
9.0
14.0
13.0
12.0
8.0
7.0
3.0
6.0
11.0
6.0
3.0
15.0
VALOR
13.0
15.0
10.0
9.0
11.0
13.0
13.0
15.0
9.0
10.0
14.0
9.0
13.0
14.0
9.0
9.0
13.0
9.0
11.0
9.0
9.0
12.0
12.0
12.0
13.0
9.0
9.0
9.0
9.0
15.0
9.0
11.0
10.0
9.0
9.0
9.0
9.0
9.0
9.0
11.0
9.0
11.0
10.0
13.0
14.0
9.0
9.0
9.0
12.0
12.0
13.0
13.0
9.0
11.0
9.0
12.0
10.0
9.0
10.0
9.0
9.0
14.0
9.0
9.0
14.0
11.0
13.0
9.0
10.0
9.0
9.0
9.0
9.0
9.0
9.0
14.0
9.0
10.0
15.0
13.0
9.0
9.0
9.0
9.0
9.0
9.0
9.0
10.0
ESTRES
0.191289831
0.328617769
0.317816356
0.246246185
0.260991371
0.170747767
0.336426017
0.216541566
0.22259742
0.304077654
0.279516878
0.318141982
0.222503884
0.285441479
0.193736057
0.262450274
0.267692548
0.164934052
0.223074895
0.219223476
0.184811024
0.284230988
0.225375837
0.273430549
0.257041183
0.246018051
0.257154072
0.274844672
0.213379897
0.306563836
0.198504413
0.311254188
0.199265641
0.32322588
0.228463759
0.263535732
0.215272455
0.336723303
0.303475682
0.251690708
0.236896156
0.315655648
0.185105108
0.165542057
0.264008981
0.274209712
0.20621423
0.32479014
0.268607924
0.308822906
0.271348736
0.242966476
0.186568142
0.183655777
0.292540503
0.222374578
0.267325585
0.287955422
0.314852143
0.269312535
0.250764336
0.302369887
0.219225003
0.186178174
0.209640036
0.301727679
0.186479378
0.307116302
0.207841876
0.285528612
0.162218812
0.25171165
0.233170529
0.32610596
0.19461655
0.222754272
0.248320439
0.180575231
0.260530892
0.210213502
0.277793103
0.264745693
0.203960677
0.1985715
0.300221903
0.23976136
0.22362996
0.300255581
