Valor Objetivo:488.0
Runtime:456.4982006549835
Gap:0.0
1_1_1_1_15_1.0
2_1_1_1_10_1.0
4_1_1_1_69_1.0
8_1_1_1_11_1.0
10_1_1_1_8_1.0
11_1_1_1_47_1.0
score_s_1_1_1_61.0
13_2_1_1_26_1.0
14_2_1_1_7_1.0
15_2_1_1_36_1.0
17_2_1_1_16_1.0
18_2_1_1_5_1.0
19_2_1_1_1_1.0
score_s_2_1_1_61.0
25_3_2_1_19_1.0
26_3_2_1_33_1.0
27_3_2_1_18_1.0
29_3_2_1_23_1.0
30_3_2_1_9_1.0
33_3_2_1_14_1.0
score_s_3_2_1_63.0
36_4_2_1_61_1.0
38_4_2_1_24_1.0
39_4_2_1_88_1.0
40_4_2_1_79_1.0
41_4_2_1_25_1.0
43_4_2_1_22_1.0
score_s_4_2_1_64.0
47_5_3_2_37_1.0
48_5_3_2_21_1.0
51_5_3_2_75_1.0
52_5_3_2_17_1.0
53_5_3_2_54_1.0
55_5_3_2_44_1.0
score_s_5_3_2_58.0
56_6_3_2_38_1.0
57_6_3_2_4_1.0
60_6_3_2_28_1.0
63_6_3_2_55_1.0
66_6_3_2_41_1.0
score_s_6_3_2_49.0
67_7_4_2_3_1.0
69_7_4_2_12_1.0
70_7_4_2_6_1.0
71_7_4_2_59_1.0
74_7_4_2_2_1.0
76_7_4_2_13_1.0
score_s_7_4_2_68.0
78_8_4_2_51_1.0
79_8_4_2_31_1.0
81_8_4_2_45_1.0
83_8_4_2_20_1.0
84_8_4_2_60_1.0
87_8_4_2_43_1.0
88_8_4_2_27_1.0
score_s_8_4_2_64.0
DURACION
10.0
11.0
11.0
7.0
9.0
11.0
15.0
12.0
6.0
15.0
9.0
8.0
13.0
13.0
8.0
13.0
11.0
9.0
15.0
4.0
7.0
10.0
10.0
13.0
9.0
5.0
6.0
5.0
12.0
14.0
3.0
9.0
15.0
7.0
5.0
9.0
9.0
8.0
9.0
12.0
5.0
15.0
12.0
14.0
11.0
8.0
3.0
10.0
12.0
13.0
14.0
9.0
5.0
10.0
3.0
12.0
9.0
8.0
12.0
8.0
11.0
14.0
7.0
3.0
14.0
14.0
12.0
4.0
9.0
8.0
3.0
4.0
5.0
9.0
7.0
11.0
9.0
14.0
13.0
12.0
8.0
7.0
3.0
6.0
11.0
6.0
3.0
15.0
VALOR
13.0
15.0
10.0
9.0
11.0
13.0
13.0
15.0
9.0
10.0
14.0
9.0
13.0
14.0
9.0
9.0
13.0
9.0
11.0
9.0
9.0
12.0
12.0
12.0
13.0
9.0
9.0
9.0
9.0
15.0
9.0
11.0
10.0
9.0
9.0
9.0
9.0
9.0
9.0
11.0
9.0
11.0
10.0
13.0
14.0
9.0
9.0
9.0
12.0
12.0
13.0
13.0
9.0
11.0
9.0
12.0
10.0
9.0
10.0
9.0
9.0
14.0
9.0
9.0
14.0
11.0
13.0
9.0
10.0
9.0
9.0
9.0
9.0
9.0
9.0
14.0
9.0
10.0
15.0
13.0
9.0
9.0
9.0
9.0
9.0
9.0
9.0
10.0
ESTRES
0.243961565
0.234980819
0.274582598
0.304222278
0.198291984
0.169864774
0.301001236
0.216480762
0.280251429
0.331486228
0.171441313
0.332142408
0.255231153
0.242503712
0.261451151
0.254946916
0.289054189
0.246822811
0.267699781
0.26548794
0.27003111
0.24048692
0.275106935
0.317038448
0.254384413
0.264425918
0.264857924
0.202529852
0.294726029
0.336342665
0.219022728
0.336254792
0.239972393
0.291197189
0.295079418
0.230711545
0.202827081
0.161508101
0.299535705
0.265879262
0.210434667
0.271266872
0.247473034
0.215907014
0.234123798
0.316066285
0.169392101
0.330818164
0.250111277
0.318676538
0.185664002
0.276620222
0.240906277
0.202691159
0.202659014
0.245209228
0.234233595
0.248106322
0.183660257
0.197969246
0.195971301
0.236725281
0.242380522
0.2801426
0.295981491
0.240085513
0.273419672
0.231990701
0.173866703
0.255438301
0.31508077
0.231409172
0.219675448
0.229606117
0.197123046
0.204433916
0.293978797
0.313922799
0.185258416
0.299516876
0.193836254
0.281775921
0.231275894
0.278303336
0.326625148
0.208974488
0.244505138
0.177721427
