Valor Objetivo:661.0
Runtime:900.6210870742798
Gap:0.0030257186081694403
2_1_1_1_23_1.0
4_1_1_1_9_1.0
5_1_1_1_49_1.0
6_1_1_1_32_1.0
9_1_1_1_41_1.0
10_1_1_1_46_1.0
11_1_1_1_76_1.0
score_s_1_1_1_78.0
13_2_1_1_64_1.0
14_2_1_1_8_1.0
15_2_1_1_61_1.0
17_2_1_1_30_1.0
19_2_1_1_77_1.0
20_2_1_1_83_1.0
21_2_1_1_18_1.0
22_2_1_1_45_1.0
score_s_2_1_1_84.0
23_3_2_1_31_1.0
24_3_2_1_24_1.0
25_3_2_1_79_1.0
26_3_2_1_87_1.0
29_3_2_1_3_1.0
33_3_2_1_33_1.0
score_s_3_2_1_81.0
35_4_2_1_47_1.0
36_4_2_1_29_1.0
37_4_2_1_19_1.0
38_4_2_1_35_1.0
41_4_2_1_40_1.0
42_4_2_1_11_1.0
44_4_2_1_26_1.0
score_s_4_2_1_78.0
47_5_3_2_38_1.0
48_5_3_2_62_1.0
49_5_3_2_22_1.0
50_5_3_2_53_1.0
52_5_3_2_25_1.0
53_5_3_2_36_1.0
54_5_3_2_75_1.0
55_5_3_2_58_1.0
score_s_5_3_2_88.0
56_6_3_2_4_1.0
58_6_3_2_6_1.0
60_6_3_2_68_1.0
61_6_3_2_69_1.0
63_6_3_2_39_1.0
64_6_3_2_7_1.0
66_6_3_2_74_1.0
score_s_6_3_2_86.0
67_7_4_2_48_1.0
70_7_4_2_15_1.0
71_7_4_2_12_1.0
72_7_4_2_37_1.0
73_7_4_2_56_1.0
75_7_4_2_2_1.0
77_7_4_2_63_1.0
score_s_7_4_2_80.0
79_8_4_2_1_1.0
80_8_4_2_20_1.0
81_8_4_2_5_1.0
82_8_4_2_54_1.0
83_8_4_2_13_1.0
84_8_4_2_71_1.0
86_8_4_2_50_1.0
score_s_8_4_2_86.0
DURACION
8.0
6.0
14.0
9.0
12.0
11.0
3.0
10.0
13.0
7.0
15.0
14.0
8.0
12.0
12.0
6.0
15.0
5.0
11.0
10.0
9.0
5.0
13.0
15.0
3.0
9.0
4.0
12.0
7.0
5.0
13.0
10.0
13.0
6.0
3.0
12.0
10.0
15.0
12.0
10.0
8.0
7.0
11.0
4.0
12.0
3.0
11.0
7.0
9.0
9.0
15.0
14.0
13.0
15.0
11.0
12.0
8.0
6.0
12.0
13.0
13.0
13.0
10.0
8.0
15.0
10.0
5.0
13.0
9.0
8.0
14.0
13.0
14.0
11.0
10.0
14.0
13.0
12.0
13.0
13.0
12.0
9.0
9.0
4.0
12.0
10.0
3.0
4.0
VALOR
9.0
9.0
15.0
9.0
11.0
9.0
9.0
14.0
9.0
9.0
15.0
15.0
9.0
14.0
11.0
9.0
12.0
9.0
15.0
14.0
9.0
9.0
11.0
15.0
9.0
13.0
9.0
10.0
9.0
9.0
13.0
9.0
15.0
9.0
9.0
15.0
10.0
10.0
9.0
13.0
9.0
9.0
11.0
9.0
14.0
9.0
13.0
9.0
15.0
15.0
14.0
9.0
14.0
13.0
13.0
12.0
9.0
9.0
9.0
15.0
12.0
11.0
15.0
9.0
10.0
11.0
9.0
15.0
9.0
9.0
9.0
10.0
9.0
10.0
14.0
15.0
15.0
10.0
14.0
9.0
14.0
9.0
9.0
9.0
10.0
13.0
9.0
9.0
ESTRES
0.023935858
0.156163953
0.037306037
0.106839315
0.15443618
0.01234692
0.1816505
0.046460505
0.07253892
0.32470284
0.221412109
0.251948614
0.129322513
0.282939905
0.166799316
0.193104174
0.24304768
0.029775336
0.228998713
0.03016638
0.282304183
0.014348157
0.021816951
0.126636687
0.006992314
0.206464987
0.246096556
0.288060864
0.202604099
0.10968283
0.070574772
0.09878874
0.032656674
0.305563971
0.064629758
0.124744385
0.082744798
0.159039075
0.019920496
0.103626587
0.049001076
0.287173161
0.339849833
0.298006819
0.136301447
0.009647557
0.117481447
0.061131203
0.07838711
0.132476211
0.322318886
0.219894735
0.073460684
0.087735487
0.282817412
0.04042799
0.333384358
0.092802077
0.219825933
0.230524158
0.025744164
0.034204214
0.190139935
0.044938923
0.21765959
0.260297222
0.227382081
0.146209292
0.051901985
0.225455004
0.163600022
0.200420203
0.24887048
0.051515197
0.010463473
0.045569951
0.032678243
0.299958265
0.060511202
0.252378246
0.25594516
0.302484267
0.106037485
0.231420676
0.194398734
0.242052688
0.050569969
0.1833685
