Valor Objetivo:528.0
Runtime:900.5473718643188
Gap:0.003787878787878788
2_1_1_1_6_1.0
5_1_1_1_22_1.0
6_1_1_1_60_1.0
10_1_1_1_11_1.0
11_1_1_1_20_1.0
score_s_1_1_1_60.0
14_2_1_1_41_1.0
15_2_1_1_29_1.0
17_2_1_1_47_1.0
19_2_1_1_28_1.0
20_2_1_1_53_1.0
22_2_1_1_30_1.0
score_s_2_1_1_64.0
23_3_2_1_4_1.0
24_3_2_1_57_1.0
25_3_2_1_14_1.0
29_3_2_1_1_1.0
33_3_2_1_5_1.0
score_s_3_2_1_68.0
35_4_2_1_32_1.0
36_4_2_1_54_1.0
37_4_2_1_75_1.0
41_4_2_1_12_1.0
42_4_2_1_13_1.0
44_4_2_1_45_1.0
score_s_4_2_1_65.0
47_5_3_2_48_1.0
49_5_3_2_70_1.0
50_5_3_2_25_1.0
52_5_3_2_24_1.0
53_5_3_2_35_1.0
55_5_3_2_37_1.0
score_s_5_3_2_65.0
56_6_3_2_33_1.0
58_6_3_2_7_1.0
60_6_3_2_87_1.0
63_6_3_2_9_1.0
66_6_3_2_21_1.0
score_s_6_3_2_66.0
67_7_4_2_8_1.0
70_7_4_2_15_1.0
71_7_4_2_17_1.0
72_7_4_2_16_1.0
75_7_4_2_2_1.0
77_7_4_2_18_1.0
score_s_7_4_2_69.0
80_8_4_2_3_1.0
81_8_4_2_10_1.0
82_8_4_2_19_1.0
83_8_4_2_56_1.0
84_8_4_2_72_1.0
86_8_4_2_49_1.0
score_s_8_4_2_71.0
DURACION
8.0
6.0
14.0
9.0
12.0
11.0
3.0
10.0
13.0
7.0
15.0
14.0
8.0
12.0
12.0
6.0
15.0
5.0
11.0
10.0
9.0
5.0
13.0
15.0
3.0
9.0
4.0
12.0
7.0
5.0
13.0
10.0
13.0
6.0
3.0
12.0
10.0
15.0
12.0
10.0
8.0
7.0
11.0
4.0
12.0
3.0
11.0
7.0
9.0
9.0
15.0
14.0
13.0
15.0
11.0
12.0
8.0
6.0
12.0
13.0
13.0
13.0
10.0
8.0
15.0
10.0
5.0
13.0
9.0
8.0
14.0
13.0
14.0
11.0
10.0
14.0
13.0
12.0
13.0
13.0
12.0
9.0
9.0
4.0
12.0
10.0
3.0
4.0
VALOR
9.0
9.0
15.0
9.0
11.0
9.0
9.0
14.0
9.0
9.0
15.0
15.0
9.0
14.0
11.0
9.0
12.0
9.0
15.0
14.0
9.0
9.0
11.0
15.0
9.0
13.0
9.0
10.0
9.0
9.0
13.0
9.0
15.0
9.0
9.0
15.0
10.0
10.0
9.0
13.0
9.0
9.0
11.0
9.0
14.0
9.0
13.0
9.0
15.0
15.0
14.0
9.0
14.0
13.0
13.0
12.0
9.0
9.0
9.0
15.0
12.0
11.0
15.0
9.0
10.0
11.0
9.0
15.0
9.0
9.0
9.0
10.0
9.0
10.0
14.0
15.0
15.0
10.0
14.0
9.0
14.0
9.0
9.0
9.0
10.0
13.0
9.0
9.0
ESTRES
0.188170815
0.268356325
0.213369792
0.295173876
0.32711837
0.330233141
0.318863131
0.17526565
0.214237391
0.245198289
0.184107252
0.174357464
0.330361426
0.163401593
0.277457175
0.180038678
0.317640065
0.257732635
0.170788966
0.188684995
0.171444291
0.247552104
0.315732186
0.180925403
0.26059677
0.300224678
0.312441926
0.175213936
0.164752457
0.263784467
0.31047503
0.209312185
0.18324708
0.261612387
0.218135242
0.309645089
0.217482433
0.253292379
0.328161899
0.233852129
0.191534274
0.269292149
0.282897494
0.244224686
0.181098838
0.232078227
0.191121377
0.212538213
0.180269993
0.241506295
0.266965048
0.263056277
0.18931212
0.176053903
0.213278178
0.167734633
0.170801821
0.233959414
0.257694063
0.16871473
0.256532638
0.330382066
0.299506058
0.275832524
0.338430956
0.329869635
0.28256817
0.202539706
0.329628941
0.179808254
0.202669557
0.171523339
0.291113025
0.266184727
0.186492889
0.234047084
0.239998385
0.223973613
0.33930901
0.192416946
0.327160438
0.241660314
0.24730151
0.248807315
0.289209081
0.284166754
0.167324432
0.285973218
