Valor Objetivo:579.0
Runtime:900.5675227642059
Gap:0.0034542314335060447
3_1_1_1_21_1.0
5_1_1_1_54_1.0
6_1_1_1_13_1.0
7_1_1_1_20_1.0
9_1_1_1_39_1.0
10_1_1_1_58_1.0
11_1_1_1_1_1.0
score_s_1_1_1_73.0
12_2_1_1_37_1.0
13_2_1_1_18_1.0
15_2_1_1_6_1.0
16_2_1_1_64_1.0
18_2_1_1_10_1.0
19_2_1_1_34_1.0
22_2_1_1_8_1.0
score_s_2_1_1_74.0
23_3_2_1_3_1.0
24_3_2_1_63_1.0
25_3_2_1_80_1.0
29_3_2_1_2_1.0
30_3_2_1_5_1.0
31_3_2_1_65_1.0
33_3_2_1_7_1.0
score_s_3_2_1_73.0
34_4_2_1_31_1.0
35_4_2_1_88_1.0
38_4_2_1_11_1.0
39_4_2_1_47_1.0
41_4_2_1_17_1.0
42_4_2_1_40_1.0
43_4_2_1_4_1.0
score_s_4_2_1_76.0
45_5_3_2_35_1.0
46_5_3_2_84_1.0
47_5_3_2_12_1.0
49_5_3_2_22_1.0
50_5_3_2_69_1.0
54_5_3_2_19_1.0
55_5_3_2_15_1.0
score_s_5_3_2_71.0
56_6_3_2_23_1.0
57_6_3_2_55_1.0
60_6_3_2_68_1.0
61_6_3_2_42_1.0
63_6_3_2_43_1.0
65_6_3_2_85_1.0
score_s_6_3_2_62.0
71_7_4_2_44_1.0
72_7_4_2_16_1.0
73_7_4_2_24_1.0
74_7_4_2_32_1.0
76_7_4_2_70_1.0
77_7_4_2_49_1.0
score_s_7_4_2_75.0
81_8_4_2_27_1.0
82_8_4_2_9_1.0
83_8_4_2_57_1.0
84_8_4_2_46_1.0
85_8_4_2_75_1.0
86_8_4_2_14_1.0
88_8_4_2_50_1.0
score_s_8_4_2_75.0
DURACION
10.0
11.0
8.0
14.0
10.0
13.0
13.0
12.0
9.0
12.0
8.0
8.0
13.0
11.0
7.0
12.0
9.0
11.0
9.0
3.0
11.0
14.0
7.0
10.0
11.0
15.0
9.0
9.0
9.0
8.0
9.0
15.0
15.0
5.0
7.0
10.0
9.0
5.0
10.0
12.0
11.0
6.0
7.0
13.0
13.0
9.0
12.0
5.0
13.0
7.0
15.0
14.0
9.0
8.0
9.0
8.0
5.0
3.0
8.0
11.0
7.0
4.0
5.0
5.0
11.0
11.0
5.0
9.0
4.0
11.0
9.0
15.0
5.0
6.0
6.0
10.0
15.0
9.0
4.0
10.0
15.0
11.0
10.0
13.0
11.0
14.0
12.0
4.0
VALOR
10.0
12.0
9.0
14.0
9.0
12.0
10.0
13.0
13.0
9.0
9.0
9.0
12.0
13.0
9.0
10.0
9.0
11.0
11.0
9.0
9.0
13.0
9.0
13.0
13.0
14.0
9.0
9.0
14.0
9.0
12.0
14.0
10.0
9.0
9.0
9.0
14.0
9.0
15.0
15.0
10.0
9.0
9.0
15.0
11.0
14.0
12.0
9.0
13.0
9.0
13.0
11.0
9.0
9.0
12.0
9.0
9.0
9.0
9.0
10.0
9.0
9.0
9.0
9.0
14.0
12.0
9.0
9.0
9.0
10.0
9.0
14.0
9.0
9.0
9.0
11.0
9.0
9.0
9.0
13.0
11.0
10.0
10.0
11.0
13.0
13.0
14.0
9.0
ESTRES
0.092583887
0.030472239
0.03604819
0.104814903
0.145907134
0.142335658
0.052130593
0.023851135
0.038111766
0.100731273
0.06562888
0.144667342
0.112764007
0.148000085
0.139536823
0.012020401
0.055752715
0.108331197
0.12962906
0.051333073
0.09650727
0.077370232
0.103298422
0.088358863
0.122230395
0.123599114
0.105926328
0.143157899
0.124073644
0.110620624
0.035698945
0.037906854
0.137220314
0.012890346
0.09472028
0.09749442
0.063414189
0.110527773
0.071130314
0.014477931
0.131909401
0.024409073
0.049097725
0.026220205
0.081267107
0.053952857
0.04622163
0.078809953
0.063495949
0.03852617
0.130662309
0.085225671
0.100560869
0.046890874
0.038759133
0.104780157
0.063892762
0.021657633
0.110213503
0.080382381
0.106508722
0.101388313
0.043053229
0.016688126
0.019781574
0.136416487
0.080198903
0.029697713
0.058240552
0.011757742
0.13368786
0.115078737
0.122944726
0.146800219
0.014152964
0.082906915
0.069004054
0.113016911
0.135168998
0.031564732
0.088974617
0.098740135
0.120009709
0.026932367
0.050465549
0.041027339
0.112005604
0.020751524
