Valor Objetivo:562.0
Runtime:900.8849635124207
Gap:0.0017793594306049821
3_1_1_1_10_1.0
4_1_1_1_78_1.0
5_1_1_1_13_1.0
6_1_1_1_28_1.0
7_1_1_1_55_1.0
9_1_1_1_35_1.0
10_1_1_1_37_1.0
score_s_1_1_1_69.0
12_2_1_1_43_1.0
13_2_1_1_16_1.0
15_2_1_1_8_1.0
16_2_1_1_19_1.0
18_2_1_1_18_1.0
19_2_1_1_57_1.0
22_2_1_1_1_1.0
score_s_2_1_1_74.0
23_3_2_1_31_1.0
24_3_2_1_12_1.0
25_3_2_1_79_1.0
30_3_2_1_24_1.0
31_3_2_1_11_1.0
33_3_2_1_21_1.0
score_s_3_2_1_64.0
34_4_2_1_34_1.0
35_4_2_1_39_1.0
38_4_2_1_5_1.0
39_4_2_1_67_1.0
41_4_2_1_76_1.0
42_4_2_1_15_1.0
43_4_2_1_2_1.0
score_s_4_2_1_76.0
45_5_3_2_17_1.0
46_5_3_2_25_1.0
47_5_3_2_49_1.0
49_5_3_2_3_1.0
50_5_3_2_29_1.0
54_5_3_2_62_1.0
55_5_3_2_73_1.0
score_s_5_3_2_71.0
56_6_3_2_47_1.0
57_6_3_2_6_1.0
60_6_3_2_59_1.0
61_6_3_2_33_1.0
63_6_3_2_81_1.0
65_6_3_2_36_1.0
score_s_6_3_2_62.0
71_7_4_2_4_1.0
72_7_4_2_9_1.0
73_7_4_2_7_1.0
74_7_4_2_20_1.0
76_7_4_2_70_1.0
77_7_4_2_50_1.0
score_s_7_4_2_75.0
79_8_4_2_14_1.0
81_8_4_2_30_1.0
83_8_4_2_32_1.0
84_8_4_2_44_1.0
85_8_4_2_68_1.0
86_8_4_2_64_1.0
88_8_4_2_48_1.0
score_s_8_4_2_71.0
DURACION
10.0
11.0
8.0
14.0
10.0
13.0
13.0
12.0
9.0
12.0
8.0
8.0
13.0
11.0
7.0
12.0
9.0
11.0
9.0
3.0
11.0
14.0
7.0
10.0
11.0
15.0
9.0
9.0
9.0
8.0
9.0
15.0
15.0
5.0
7.0
10.0
9.0
5.0
10.0
12.0
11.0
6.0
7.0
13.0
13.0
9.0
12.0
5.0
13.0
7.0
15.0
14.0
9.0
8.0
9.0
8.0
5.0
3.0
8.0
11.0
7.0
4.0
5.0
5.0
11.0
11.0
5.0
9.0
4.0
11.0
9.0
15.0
5.0
6.0
6.0
10.0
15.0
9.0
4.0
10.0
15.0
11.0
10.0
13.0
11.0
14.0
12.0
4.0
VALOR
10.0
12.0
9.0
14.0
9.0
12.0
10.0
13.0
13.0
9.0
9.0
9.0
12.0
13.0
9.0
10.0
9.0
11.0
11.0
9.0
9.0
13.0
9.0
13.0
13.0
14.0
9.0
9.0
14.0
9.0
12.0
14.0
10.0
9.0
9.0
9.0
14.0
9.0
15.0
15.0
10.0
9.0
9.0
15.0
11.0
14.0
12.0
9.0
13.0
9.0
13.0
11.0
9.0
9.0
12.0
9.0
9.0
9.0
9.0
10.0
9.0
9.0
9.0
9.0
14.0
12.0
9.0
9.0
9.0
10.0
9.0
14.0
9.0
9.0
9.0
11.0
9.0
9.0
9.0
13.0
11.0
10.0
10.0
11.0
13.0
13.0
14.0
9.0
ESTRES
0.127654728
0.235239037
0.287715583
0.105566201
0.140694457
0.224826012
0.249868565
0.10753453
0.076930097
0.213537453
0.232149065
0.305801405
0.203758696
0.190824329
0.032629378
0.167316879
0.207236638
0.067268039
0.101704089
0.063991207
0.130574876
0.27670718
0.323830153
0.119191555
0.089547889
0.27063235
0.33907199
0.08680487
0.111899681
0.193709228
0.101026354
0.167676651
0.027476378
0.048943957
0.152722445
0.082522105
0.063797038
0.186831821
0.045526457
0.189254527
0.240176493
0.211480673
0.134670542
0.131697713
0.274951177
0.308216645
0.068097192
0.069047705
0.013173514
0.144915818
0.189594948
0.31348168
0.158097648
0.326587923
0.060674444
0.201792787
0.009075138
0.327771944
0.026006832
0.18942503
0.326957953
0.116715649
0.293903943
0.117972425
0.229663103
0.166974367
0.067605171
0.043121189
0.332030833
0.016187941
0.17889681
0.146955265
0.10061944
0.142056796
0.295471468
0.005292
0.317648531
0.008685349
0.116259386
0.225265679
0.031388862
0.291273429
0.300880927
0.246636148
0.310661396
0.23493144
0.167712549
0.277776841
