Valor Objetivo:716.0
Runtime:900.5709245204926
Gap:0.002793296089385475
2_1_1_1_57_1.0
3_1_1_1_42_1.0
5_1_1_1_48_1.0
6_1_1_1_13_1.0
7_1_1_1_49_1.0
8_1_1_1_9_1.0
9_1_1_1_33_1.0
10_1_1_1_3_1.0
score_s_1_1_1_82.0
12_2_1_1_46_1.0
13_2_1_1_55_1.0
14_2_1_1_16_1.0
16_2_1_1_40_1.0
17_2_1_1_1_1.0
19_2_1_1_84_1.0
20_2_1_1_22_1.0
21_2_1_1_38_1.0
22_2_1_1_24_1.0
score_s_2_1_1_96.0
23_3_2_1_47_1.0
24_3_2_1_6_1.0
25_3_2_1_71_1.0
26_3_2_1_86_1.0
27_3_2_1_61_1.0
28_3_2_1_45_1.0
29_3_2_1_30_1.0
30_3_2_1_85_1.0
31_3_2_1_58_1.0
33_3_2_1_64_1.0
score_s_3_2_1_95.0
34_4_2_1_11_1.0
35_4_2_1_29_1.0
36_4_2_1_4_1.0
37_4_2_1_56_1.0
38_4_2_1_54_1.0
40_4_2_1_52_1.0
41_4_2_1_41_1.0
43_4_2_1_72_1.0
score_s_4_2_1_83.0
46_5_3_2_36_1.0
47_5_3_2_51_1.0
48_5_3_2_2_1.0
50_5_3_2_35_1.0
51_5_3_2_7_1.0
52_5_3_2_66_1.0
55_5_3_2_44_1.0
score_s_5_3_2_86.0
56_6_3_2_20_1.0
57_6_3_2_59_1.0
58_6_3_2_50_1.0
61_6_3_2_23_1.0
62_6_3_2_68_1.0
63_6_3_2_31_1.0
64_6_3_2_14_1.0
65_6_3_2_17_1.0
66_6_3_2_21_1.0
score_s_6_3_2_92.0
67_7_4_2_25_1.0
68_7_4_2_43_1.0
69_7_4_2_28_1.0
70_7_4_2_32_1.0
71_7_4_2_34_1.0
72_7_4_2_27_1.0
74_7_4_2_8_1.0
75_7_4_2_53_1.0
76_7_4_2_26_1.0
score_s_7_4_2_98.0
79_8_4_2_10_1.0
80_8_4_2_12_1.0
82_8_4_2_37_1.0
83_8_4_2_19_1.0
84_8_4_2_5_1.0
85_8_4_2_39_1.0
86_8_4_2_15_1.0
87_8_4_2_18_1.0
score_s_8_4_2_84.0
DURACION
14.0
5.0
9.0
9.0
4.0
12.0
6.0
10.0
15.0
8.0
7.0
12.0
7.0
9.0
7.0
13.0
15.0
7.0
3.0
15.0
10.0
15.0
11.0
9.0
15.0
14.0
15.0
8.0
9.0
12.0
10.0
15.0
13.0
7.0
10.0
5.0
4.0
9.0
9.0
8.0
15.0
9.0
9.0
12.0
13.0
15.0
3.0
4.0
5.0
10.0
3.0
5.0
5.0
6.0
9.0
9.0
8.0
10.0
15.0
4.0
9.0
3.0
4.0
5.0
3.0
7.0
9.0
6.0
7.0
4.0
11.0
13.0
15.0
9.0
12.0
4.0
4.0
8.0
14.0
4.0
8.0
15.0
10.0
12.0
4.0
13.0
4.0
14.0
VALOR
15.0
9.0
9.0
9.0
9.0
11.0
9.0
9.0
10.0
9.0
9.0
10.0
9.0
9.0
9.0
9.0
12.0
9.0
9.0
9.0
14.0
14.0
13.0
13.0
15.0
10.0
12.0
9.0
9.0
14.0
15.0
10.0
14.0
9.0
10.0
9.0
9.0
9.0
10.0
9.0
15.0
11.0
9.0
13.0
15.0
10.0
9.0
9.0
9.0
13.0
9.0
9.0
9.0
9.0
9.0
15.0
9.0
9.0
11.0
9.0
11.0
9.0
9.0
9.0
9.0
9.0
9.0
9.0
9.0
9.0
14.0
13.0
11.0
11.0
11.0
9.0
9.0
9.0
9.0
9.0
9.0
11.0
9.0
10.0
9.0
12.0
9.0
14.0
ESTRES
0.014061213
0.042966308
0.098813081
0.097146032
0.033340289
0.021971465
0.038540676
0.111792136
0.029784258
0.036883897
0.140583524
0.031145012
0.12292367
0.110909882
0.075032519
0.061823252
0.077901591
0.074608176
0.138750247
0.104679731
0.06107099
0.021195805
0.149977665
0.049998022
0.042950477
0.105141634
0.105785524
0.012248757
0.096308363
0.320064714
0.216939167
0.22780971
0.200964774
0.291756646
0.180960512
0.181029064
0.266539702
0.320233214
0.295457944
0.17287728
0.215388972
0.165130311
0.235402425
0.240643406
0.288015401
0.338689348
0.187435881
0.326335076
0.333437747
0.258514246
0.172777176
0.215226907
0.2901727
0.161772444
0.298343768
0.286474364
0.178116089
0.296869607
0.163262267
0.400283313
0.35357379
0.410250012
0.446712167
0.36827991
0.424592751
0.373412114
0.400671636
0.360370527
0.441431263
0.492098234
0.365700009
0.363712919
0.410398577
0.410967204
0.376790258
0.452497621
0.46915022
0.488522964
0.446125413
0.471586984
0.412448224
0.468825031
0.434719785
0.376515881
0.361396549
0.366379348
0.457978489
0.373995024
