Valor Objetivo:713.0
Runtime:900.8143265247345
Gap:0.002805049088359046
2_1_1_1_30_1.0
3_1_1_1_32_1.0
4_1_1_1_36_1.0
5_1_1_1_71_1.0
6_1_1_1_22_1.0
7_1_1_1_85_1.0
9_1_1_1_52_1.0
10_1_1_1_40_1.0
score_s_1_1_1_79.0
12_2_1_1_54_1.0
13_2_1_1_44_1.0
14_2_1_1_13_1.0
16_2_1_1_33_1.0
17_2_1_1_35_1.0
19_2_1_1_62_1.0
20_2_1_1_29_1.0
21_2_1_1_59_1.0
22_2_1_1_20_1.0
score_s_2_1_1_96.0
23_3_2_1_37_1.0
24_3_2_1_6_1.0
25_3_2_1_88_1.0
26_3_2_1_73_1.0
27_3_2_1_55_1.0
28_3_2_1_39_1.0
29_3_2_1_47_1.0
30_3_2_1_58_1.0
31_3_2_1_48_1.0
33_3_2_1_66_1.0
score_s_3_2_1_95.0
34_4_2_1_8_1.0
35_4_2_1_7_1.0
36_4_2_1_10_1.0
37_4_2_1_46_1.0
38_4_2_1_9_1.0
40_4_2_1_1_1.0
41_4_2_1_42_1.0
43_4_2_1_72_1.0
score_s_4_2_1_83.0
46_5_3_2_34_1.0
47_5_3_2_14_1.0
48_5_3_2_2_1.0
50_5_3_2_4_1.0
51_5_3_2_19_1.0
52_5_3_2_68_1.0
55_5_3_2_50_1.0
score_s_5_3_2_86.0
56_6_3_2_16_1.0
57_6_3_2_5_1.0
58_6_3_2_41_1.0
61_6_3_2_53_1.0
62_6_3_2_45_1.0
63_6_3_2_51_1.0
64_6_3_2_56_1.0
65_6_3_2_12_1.0
66_6_3_2_23_1.0
score_s_6_3_2_92.0
67_7_4_2_26_1.0
68_7_4_2_49_1.0
69_7_4_2_17_1.0
70_7_4_2_57_1.0
71_7_4_2_38_1.0
72_7_4_2_15_1.0
74_7_4_2_11_1.0
75_7_4_2_43_1.0
76_7_4_2_18_1.0
score_s_7_4_2_98.0
79_8_4_2_28_1.0
80_8_4_2_27_1.0
82_8_4_2_31_1.0
83_8_4_2_3_1.0
84_8_4_2_24_1.0
85_8_4_2_77_1.0
86_8_4_2_21_1.0
87_8_4_2_25_1.0
score_s_8_4_2_84.0
DURACION
14.0
5.0
9.0
9.0
4.0
12.0
6.0
10.0
15.0
8.0
7.0
12.0
7.0
9.0
7.0
13.0
15.0
7.0
3.0
15.0
10.0
15.0
11.0
9.0
15.0
14.0
15.0
8.0
9.0
12.0
10.0
15.0
13.0
7.0
10.0
5.0
4.0
9.0
9.0
8.0
15.0
9.0
9.0
12.0
13.0
15.0
3.0
4.0
5.0
10.0
3.0
5.0
5.0
6.0
9.0
9.0
8.0
10.0
15.0
4.0
9.0
3.0
4.0
5.0
3.0
7.0
9.0
6.0
7.0
4.0
11.0
13.0
15.0
9.0
12.0
4.0
4.0
8.0
14.0
4.0
8.0
15.0
10.0
12.0
4.0
13.0
4.0
14.0
VALOR
15.0
9.0
9.0
9.0
9.0
11.0
9.0
9.0
10.0
9.0
9.0
10.0
9.0
9.0
9.0
9.0
12.0
9.0
9.0
9.0
14.0
14.0
13.0
13.0
15.0
10.0
12.0
9.0
9.0
14.0
15.0
10.0
14.0
9.0
10.0
9.0
9.0
9.0
10.0
9.0
15.0
11.0
9.0
13.0
15.0
10.0
9.0
9.0
9.0
13.0
9.0
9.0
9.0
9.0
9.0
15.0
9.0
9.0
11.0
9.0
11.0
9.0
9.0
9.0
9.0
9.0
9.0
9.0
9.0
9.0
14.0
13.0
11.0
11.0
11.0
9.0
9.0
9.0
9.0
9.0
9.0
11.0
9.0
10.0
9.0
12.0
9.0
14.0
ESTRES
0.069702123
0.098695121
0.147722875
0.144349508
0.123084376
0.013104192
0.113691737
0.141358762
0.089112322
0.117610224
0.026991688
0.024267512
0.016674821
0.090950887
0.099606915
0.11594513
0.015453581
0.057827969
0.14031003
0.046259365
0.100522699
0.139444509
0.020234789
0.081168901
0.072416148
0.036862462
0.043268617
0.076692866
0.043529562
0.228277136
0.275327268
0.218778201
0.196217638
0.205731683
0.201379241
0.192288117
0.224725022
0.295295779
0.2989077
0.212891523
0.290597208
0.224306636
0.293195205
0.307916624
0.314762939
0.251536169
0.306977405
0.306569963
0.256846881
0.214390611
0.258279911
0.275029805
0.188575562
0.329432297
0.325486574
0.164824922
0.292956096
0.314673054
0.306335961
0.41855223
0.490080991
0.375546162
0.434283518
0.387461908
0.398736981
0.351717986
0.493192079
0.353634243
0.384054929
0.424975366
0.365455298
0.367275766
0.377004846
0.441587283
0.407272408
0.440205596
0.367729411
0.468921493
0.454283595
0.426827083
0.402616481
0.476503863
0.435757613
0.41788757
0.373365151
0.488312519
0.402344127
0.369458406
