Valor Objetivo:686.0
Runtime:900.6876473426819
Gap:0.0029154518950437317
2_1_1_1_70_1.0
3_1_1_1_60_1.0
4_1_1_1_5_1.0
5_1_1_1_46_1.0
6_1_1_1_18_1.0
7_1_1_1_52_1.0
9_1_1_1_10_1.0
10_1_1_1_20_1.0
score_s_1_1_1_79.0
12_2_1_1_66_1.0
13_2_1_1_30_1.0
14_2_1_1_53_1.0
15_2_1_1_16_1.0
16_2_1_1_41_1.0
17_2_1_1_83_1.0
19_2_1_1_80_1.0
21_2_1_1_61_1.0
22_2_1_1_1_1.0
score_s_2_1_1_91.0
24_3_2_1_3_1.0
25_3_2_1_54_1.0
26_3_2_1_72_1.0
27_3_2_1_7_1.0
28_3_2_1_45_1.0
29_3_2_1_22_1.0
30_3_2_1_44_1.0
31_3_2_1_12_1.0
32_3_2_1_75_1.0
33_3_2_1_8_1.0
score_s_3_2_1_95.0
34_4_2_1_13_1.0
35_4_2_1_26_1.0
37_4_2_1_87_1.0
38_4_2_1_2_1.0
40_4_2_1_64_1.0
41_4_2_1_86_1.0
42_4_2_1_55_1.0
43_4_2_1_9_1.0
score_s_4_2_1_82.0
46_5_3_2_68_1.0
47_5_3_2_58_1.0
48_5_3_2_27_1.0
50_5_3_2_15_1.0
51_5_3_2_56_1.0
52_5_3_2_51_1.0
55_5_3_2_36_1.0
score_s_5_3_2_86.0
56_6_3_2_74_1.0
58_6_3_2_34_1.0
59_6_3_2_79_1.0
61_6_3_2_57_1.0
62_6_3_2_47_1.0
63_6_3_2_49_1.0
65_6_3_2_14_1.0
66_6_3_2_31_1.0
score_s_6_3_2_85.0
67_7_4_2_85_1.0
68_7_4_2_50_1.0
70_7_4_2_82_1.0
71_7_4_2_38_1.0
72_7_4_2_6_1.0
73_7_4_2_29_1.0
74_7_4_2_32_1.0
75_7_4_2_71_1.0
76_7_4_2_28_1.0
score_s_7_4_2_92.0
78_8_4_2_67_1.0
80_8_4_2_59_1.0
82_8_4_2_81_1.0
83_8_4_2_4_1.0
84_8_4_2_37_1.0
85_8_4_2_21_1.0
87_8_4_2_11_1.0
score_s_8_4_2_76.0
DURACION
14.0
5.0
9.0
9.0
4.0
12.0
6.0
10.0
15.0
8.0
7.0
12.0
7.0
9.0
7.0
13.0
15.0
7.0
3.0
15.0
10.0
15.0
11.0
9.0
15.0
14.0
15.0
8.0
9.0
12.0
10.0
15.0
13.0
7.0
10.0
5.0
4.0
9.0
9.0
8.0
15.0
9.0
9.0
12.0
13.0
15.0
3.0
4.0
5.0
10.0
3.0
5.0
5.0
6.0
9.0
9.0
8.0
10.0
15.0
4.0
9.0
3.0
4.0
5.0
3.0
7.0
9.0
6.0
7.0
4.0
11.0
13.0
15.0
9.0
12.0
4.0
4.0
8.0
14.0
4.0
8.0
15.0
10.0
12.0
4.0
13.0
4.0
14.0
VALOR
15.0
9.0
9.0
9.0
9.0
11.0
9.0
9.0
10.0
9.0
9.0
10.0
9.0
9.0
9.0
9.0
12.0
9.0
9.0
9.0
14.0
14.0
13.0
13.0
15.0
10.0
12.0
9.0
9.0
14.0
15.0
10.0
14.0
9.0
10.0
9.0
9.0
9.0
10.0
9.0
15.0
11.0
9.0
13.0
15.0
10.0
9.0
9.0
9.0
13.0
9.0
9.0
9.0
9.0
9.0
15.0
9.0
9.0
11.0
9.0
11.0
9.0
9.0
9.0
9.0
9.0
9.0
9.0
9.0
9.0
14.0
13.0
11.0
11.0
11.0
9.0
9.0
9.0
9.0
9.0
9.0
11.0
9.0
10.0
9.0
12.0
9.0
14.0
ESTRES
0.247215561
0.20201347
0.222934788
0.185740878
0.270696316
0.167284675
0.337815268
0.327329825
0.309563961
0.249677723
0.171980626
0.306757705
0.193517056
0.201630785
0.180660855
0.23069886
0.312491922
0.202979376
0.317988359
0.236812661
0.262398014
0.272362177
0.302212665
0.317726393
0.311941323
0.198947354
0.177299458
0.183899872
0.18394465
0.255999754
0.175859573
0.176519716
0.323211016
0.218813113
0.329078128
0.19068182
0.207625869
0.243090846
0.334371088
0.296518737
0.220691847
0.32849829
0.336496392
0.28526927
0.271908548
0.269607504
0.265126425
0.297557625
0.238107567
0.23479448
0.250055655
0.275216649
0.186255473
0.286458502
0.225410797
0.182352642
0.220593098
0.162484
0.189464389
0.235549258
0.269842738
0.311036231
0.31987751
0.236836099
0.296019276
0.264845115
0.177551972
0.19858119
0.300330857
0.225546955
0.247409991
0.287444254
0.292596383
0.184762094
0.257913238
0.292024911
0.297993938
0.318298564
0.168244451
0.274396272
0.231565889
0.225414439
0.227287387
0.294549706
0.17651117
0.238139628
0.25172677
0.322441925
