Valor Objetivo:554.0
Runtime:900.4885261058807
Gap:0.005415162454873646
2_1_1_1_60_1.0
3_1_1_1_33_1.0
5_1_1_1_51_1.0
6_1_1_1_79_1.0
7_1_1_1_54_1.0
9_1_1_1_37_1.0
score_s_1_1_1_61.0
12_2_1_1_45_1.0
13_2_1_1_32_1.0
14_2_1_1_64_1.0
16_2_1_1_80_1.0
19_2_1_1_11_1.0
21_2_1_1_13_1.0
22_2_1_1_4_1.0
score_s_2_1_1_73.0
23_3_2_1_72_1.0
25_3_2_1_9_1.0
26_3_2_1_38_1.0
27_3_2_1_73_1.0
28_3_2_1_82_1.0
29_3_2_1_83_1.0
30_3_2_1_7_1.0
31_3_2_1_5_1.0
33_3_2_1_88_1.0
score_s_3_2_1_81.0
34_4_2_1_69_1.0
37_4_2_1_8_1.0
38_4_2_1_81_1.0
40_4_2_1_40_1.0
41_4_2_1_55_1.0
43_4_2_1_41_1.0
score_s_4_2_1_62.0
45_5_3_2_62_1.0
46_5_3_2_67_1.0
48_5_3_2_61_1.0
50_5_3_2_76_1.0
52_5_3_2_87_1.0
55_5_3_2_63_1.0
score_s_5_3_2_67.0
56_6_3_2_3_1.0
57_6_3_2_84_1.0
58_6_3_2_75_1.0
61_6_3_2_85_1.0
62_6_3_2_43_1.0
63_6_3_2_77_1.0
65_6_3_2_78_1.0
score_s_6_3_2_71.0
67_7_4_2_1_1.0
68_7_4_2_36_1.0
70_7_4_2_70_1.0
71_7_4_2_50_1.0
74_7_4_2_74_1.0
75_7_4_2_46_1.0
76_7_4_2_66_1.0
score_s_7_4_2_74.0
80_8_4_2_2_1.0
82_8_4_2_6_1.0
83_8_4_2_71_1.0
84_8_4_2_86_1.0
85_8_4_2_65_1.0
87_8_4_2_68_1.0
score_s_8_4_2_65.0
DURACION
14.0
5.0
9.0
9.0
4.0
12.0
6.0
10.0
15.0
8.0
7.0
12.0
7.0
9.0
7.0
13.0
15.0
7.0
3.0
15.0
10.0
15.0
11.0
9.0
15.0
14.0
15.0
8.0
9.0
12.0
10.0
15.0
13.0
7.0
10.0
5.0
4.0
9.0
9.0
8.0
15.0
9.0
9.0
12.0
13.0
15.0
3.0
4.0
5.0
10.0
3.0
5.0
5.0
6.0
9.0
9.0
8.0
10.0
15.0
4.0
9.0
3.0
4.0
5.0
3.0
7.0
9.0
6.0
7.0
4.0
11.0
13.0
15.0
9.0
12.0
4.0
4.0
8.0
14.0
4.0
8.0
15.0
10.0
12.0
4.0
13.0
4.0
14.0
VALOR
15.0
9.0
9.0
9.0
9.0
11.0
9.0
9.0
10.0
9.0
9.0
10.0
9.0
9.0
9.0
9.0
12.0
9.0
9.0
9.0
14.0
14.0
13.0
13.0
15.0
10.0
12.0
9.0
9.0
14.0
15.0
10.0
14.0
9.0
10.0
9.0
9.0
9.0
10.0
9.0
15.0
11.0
9.0
13.0
15.0
10.0
9.0
9.0
9.0
13.0
9.0
9.0
9.0
9.0
9.0
15.0
9.0
9.0
11.0
9.0
11.0
9.0
9.0
9.0
9.0
9.0
9.0
9.0
9.0
9.0
14.0
13.0
11.0
11.0
11.0
9.0
9.0
9.0
9.0
9.0
9.0
11.0
9.0
10.0
9.0
12.0
9.0
14.0
ESTRES
0.472061919
0.439409682
0.414123967
0.427694303
0.393390891
0.373387217
0.441972309
0.476774032
0.392172831
0.488432122
0.419992079
0.456367171
0.394053573
0.457824719
0.429138826
0.487562908
0.403798622
0.497661382
0.385357984
0.494366078
0.393569656
0.463958602
0.371044227
0.397135348
0.455283921
0.406255311
0.401497846
0.468246236
0.471595944
0.300662798
0.293278265
0.16022028
0.167604359
0.304017804
0.322345743
0.194190211
0.203037277
0.211247128
0.29205884
0.185668887
0.247907665
0.322579229
0.195448309
0.30279096
0.205057161
0.223858347
0.266239774
0.287040813
0.265693072
0.208641297
0.235670641
0.337737841
0.332640505
0.220779484
0.179716524
0.255270462
0.257231039
0.287938049
0.307581519
0.14570698
0.072354396
0.080457178
0.067680433
0.017194134
0.132555881
0.082463653
0.064847772
0.03299876
0.139114785
0.146339535
0.054854316
0.025853103
0.132460771
0.086440103
0.08918784
0.057724345
0.09883806
0.0425744
0.089305803
0.068006901
0.106922756
0.055773984
0.069342918
0.051251497
0.070662549
0.046141182
0.118648982
0.12836046
