Valor Objetivo:591.0
Runtime:900.7820227146149
Gap:0.001692047377326565
2_1_1_1_83_1.0
3_1_1_1_43_1.0
5_1_1_1_31_1.0
6_1_1_1_3_1.0
7_1_1_1_13_1.0
9_1_1_1_26_1.0
10_1_1_1_69_1.0
score_s_1_1_1_70.0
12_2_1_1_71_1.0
13_2_1_1_65_1.0
14_2_1_1_1_1.0
16_2_1_1_79_1.0
17_2_1_1_11_1.0
19_2_1_1_49_1.0
21_2_1_1_48_1.0
22_2_1_1_5_1.0
score_s_2_1_1_82.0
24_3_2_1_2_1.0
25_3_2_1_9_1.0
26_3_2_1_33_1.0
27_3_2_1_21_1.0
28_3_2_1_22_1.0
29_3_2_1_28_1.0
30_3_2_1_8_1.0
31_3_2_1_16_1.0
33_3_2_1_24_1.0
score_s_3_2_1_86.0
34_4_2_1_4_1.0
37_4_2_1_30_1.0
38_4_2_1_32_1.0
40_4_2_1_50_1.0
41_4_2_1_29_1.0
42_4_2_1_18_1.0
43_4_2_1_25_1.0
score_s_4_2_1_71.0
46_5_3_2_6_1.0
47_5_3_2_19_1.0
48_5_3_2_17_1.0
50_5_3_2_40_1.0
52_5_3_2_39_1.0
55_5_3_2_38_1.0
score_s_5_3_2_73.0
56_6_3_2_15_1.0
58_6_3_2_68_1.0
61_6_3_2_42_1.0
62_6_3_2_27_1.0
63_6_3_2_67_1.0
64_6_3_2_10_1.0
65_6_3_2_56_1.0
score_s_6_3_2_71.0
67_7_4_2_7_1.0
68_7_4_2_78_1.0
70_7_4_2_58_1.0
71_7_4_2_46_1.0
74_7_4_2_63_1.0
75_7_4_2_77_1.0
76_7_4_2_84_1.0
score_s_7_4_2_74.0
80_8_4_2_12_1.0
82_8_4_2_20_1.0
83_8_4_2_80_1.0
85_8_4_2_66_1.0
86_8_4_2_14_1.0
87_8_4_2_45_1.0
score_s_8_4_2_64.0
DURACION
14.0
5.0
9.0
9.0
4.0
12.0
6.0
10.0
15.0
8.0
7.0
12.0
7.0
9.0
7.0
13.0
15.0
7.0
3.0
15.0
10.0
15.0
11.0
9.0
15.0
14.0
15.0
8.0
9.0
12.0
10.0
15.0
13.0
7.0
10.0
5.0
4.0
9.0
9.0
8.0
15.0
9.0
9.0
12.0
13.0
15.0
3.0
4.0
5.0
10.0
3.0
5.0
5.0
6.0
9.0
9.0
8.0
10.0
15.0
4.0
9.0
3.0
4.0
5.0
3.0
7.0
9.0
6.0
7.0
4.0
11.0
13.0
15.0
9.0
12.0
4.0
4.0
8.0
14.0
4.0
8.0
15.0
10.0
12.0
4.0
13.0
4.0
14.0
VALOR
15.0
9.0
9.0
9.0
9.0
11.0
9.0
9.0
10.0
9.0
9.0
10.0
9.0
9.0
9.0
9.0
12.0
9.0
9.0
9.0
14.0
14.0
13.0
13.0
15.0
10.0
12.0
9.0
9.0
14.0
15.0
10.0
14.0
9.0
10.0
9.0
9.0
9.0
10.0
9.0
15.0
11.0
9.0
13.0
15.0
10.0
9.0
9.0
9.0
13.0
9.0
9.0
9.0
9.0
9.0
15.0
9.0
9.0
11.0
9.0
11.0
9.0
9.0
9.0
9.0
9.0
9.0
9.0
9.0
9.0
14.0
13.0
11.0
11.0
11.0
9.0
9.0
9.0
9.0
9.0
9.0
11.0
9.0
10.0
9.0
12.0
9.0
14.0
ESTRES
0.462819809
0.293765145
0.385331916
0.445631808
0.217069027
0.334727058
0.297640659
0.437361553
0.465710898
0.345261933
0.318804485
0.222289117
0.365334437
0.328217603
0.319720408
0.31324676
0.182283289
0.213722079
0.161726016
0.407078933
0.312157323
0.24897219
0.496573595
0.296086113
0.397878538
0.269947131
0.420694007
0.271987214
0.270484615
0.267245979
0.317154433
0.165028052
0.32596453
0.482448927
0.433029074
0.39488092
0.427972731
0.235810621
0.296456203
0.191665714
0.432567604
0.299393877
0.17044562
0.445384844
0.207481301
0.339986643
0.449570177
0.244430977
0.298297423
0.209183177
0.427273496
0.385053608
0.421507066
0.475211167
0.359724886
0.185185219
0.469465668
0.292291665
0.446478451
0.390300323
0.420075258
0.367217014
0.234567597
0.47378783
0.228600871
0.304522573
0.272663187
0.281892767
0.160167383
0.496217857
0.292389604
0.338863559
0.402938918
0.396018549
0.413092197
0.483578208
0.319747276
0.275961734
0.174192597
0.221413495
0.351654123
0.468464095
0.165447924
0.203641684
0.380366548
0.487819137
0.4464727
0.430974134
