Valor Objetivo:653.0
Runtime:901.3068680763245
Gap:0.0030627871362940277
1_1_1_1_55_1.0
2_1_1_1_40_1.0
3_1_1_1_8_1.0
5_1_1_1_11_1.0
6_1_1_1_62_1.0
7_1_1_1_79_1.0
9_1_1_1_2_1.0
10_1_1_1_4_1.0
11_1_1_1_60_1.0
score_s_1_1_1_86.0
12_2_1_1_27_1.0
14_2_1_1_67_1.0
15_2_1_1_82_1.0
16_2_1_1_15_1.0
17_2_1_1_52_1.0
19_2_1_1_68_1.0
20_2_1_1_42_1.0
22_2_1_1_64_1.0
score_s_2_1_1_80.0
23_3_2_1_35_1.0
24_3_2_1_12_1.0
25_3_2_1_34_1.0
27_3_2_1_38_1.0
28_3_2_1_22_1.0
29_3_2_1_23_1.0
31_3_2_1_84_1.0
32_3_2_1_88_1.0
33_3_2_1_13_1.0
score_s_3_2_1_85.0
34_4_2_1_76_1.0
36_4_2_1_30_1.0
37_4_2_1_9_1.0
38_4_2_1_73_1.0
39_4_2_1_32_1.0
40_4_2_1_17_1.0
41_4_2_1_86_1.0
42_4_2_1_65_1.0
43_4_2_1_78_1.0
score_s_4_2_1_89.0
46_5_3_2_81_1.0
47_5_3_2_71_1.0
48_5_3_2_75_1.0
49_5_3_2_39_1.0
50_5_3_2_36_1.0
51_5_3_2_59_1.0
53_5_3_2_85_1.0
54_5_3_2_63_1.0
score_s_5_3_2_77.0
57_6_3_2_21_1.0
58_6_3_2_56_1.0
59_6_3_2_69_1.0
60_6_3_2_18_1.0
61_6_3_2_1_1.0
62_6_3_2_51_1.0
65_6_3_2_33_1.0
66_6_3_2_6_1.0
score_s_6_3_2_80.0
67_7_4_2_5_1.0
69_7_4_2_48_1.0
70_7_4_2_25_1.0
72_7_4_2_43_1.0
73_7_4_2_31_1.0
75_7_4_2_26_1.0
76_7_4_2_3_1.0
77_7_4_2_16_1.0
score_s_7_4_2_79.0
78_8_4_2_7_1.0
79_8_4_2_10_1.0
80_8_4_2_46_1.0
81_8_4_2_24_1.0
82_8_4_2_54_1.0
83_8_4_2_29_1.0
84_8_4_2_19_1.0
88_8_4_2_80_1.0
score_s_8_4_2_77.0
DURACION
7.0
4.0
9.0
15.0
3.0
13.0
12.0
3.0
9.0
15.0
11.0
5.0
3.0
6.0
4.0
15.0
9.0
6.0
3.0
13.0
8.0
9.0
12.0
9.0
7.0
4.0
8.0
5.0
9.0
4.0
15.0
10.0
12.0
12.0
5.0
13.0
4.0
15.0
11.0
5.0
9.0
8.0
3.0
9.0
11.0
12.0
7.0
6.0
11.0
8.0
8.0
14.0
7.0
7.0
9.0
6.0
6.0
12.0
10.0
9.0
4.0
3.0
9.0
13.0
11.0
5.0
9.0
12.0
4.0
11.0
14.0
15.0
3.0
6.0
15.0
3.0
3.0
14.0
13.0
5.0
7.0
7.0
6.0
5.0
7.0
6.0
10.0
10.0
VALOR
9.0
9.0
9.0
9.0
9.0
11.0
13.0
9.0
9.0
12.0
9.0
9.0
9.0
9.0
9.0
9.0
12.0
9.0
9.0
11.0
9.0
15.0
11.0
9.0
9.0
9.0
9.0
9.0
9.0
9.0
9.0
11.0
10.0
13.0
9.0
9.0
9.0
10.0
10.0
9.0
10.0
9.0
9.0
9.0
10.0
14.0
9.0
9.0
9.0
9.0
9.0
10.0
9.0
9.0
9.0
9.0
9.0
10.0
10.0
9.0
9.0
9.0
9.0
10.0
13.0
9.0
10.0
13.0
9.0
9.0
9.0
12.0
9.0
9.0
12.0
9.0
9.0
9.0
13.0
9.0
9.0
9.0
9.0
9.0
9.0
9.0
13.0
14.0
ESTRES
0.498235203
0.205209771
0.005596286
0.456516626
0.197043862
0.148055202
0.1852791
0.360586625
0.049615154
0.145275112
0.288428508
0.228698535
0.051623626
0.464564549
0.063563145
0.301363609
0.279755526
0.324034893
0.116534122
0.484322887
0.122976138
0.034027497
0.059232223
0.034521818
0.013003049
0.01011578
0.017120675
0.47576849
0.262586186
0.244720513
0.085278573
0.087785203
0.270963101
0.219810387
0.036874143
0.047921287
0.394897971
0.16495635
0.138943497
0.137238262
0.315024337
0.221652756
0.018441262
0.362220538
0.29941868
0.064076807
0.307452843
0.157133135
0.336929272
0.327799601
0.095097885
0.233322998
0.479280145
0.096339601
0.19691247
0.128239332
0.318390238
0.490585756
0.261355627
0.14662142
0.408350397
0.158504247
0.285527346
0.072513803
0.207150397
0.497777588
0.109655293
0.122166225
0.198703995
0.351685803
0.203675343
0.295909726
0.121769038
0.311228287
0.127375417
0.226720236
0.460387595
0.12399397
0.192387366
0.218274047
0.269324971
0.144124371
0.362504262
0.082057233
0.167092927
0.165569696
0.369357266
0.032331038
