Valor Objetivo:731.0
Runtime:901.3184146881104
Gap:0.0013679890560875513
1_1_1_1_2_1.0
2_1_1_1_31_1.0
3_1_1_1_45_1.0
5_1_1_1_34_1.0
6_1_1_1_54_1.0
7_1_1_1_32_1.0
8_1_1_1_79_1.0
9_1_1_1_1_1.0
10_1_1_1_4_1.0
11_1_1_1_56_1.0
score_s_1_1_1_95.0
12_2_1_1_87_1.0
13_2_1_1_69_1.0
14_2_1_1_38_1.0
15_2_1_1_48_1.0
16_2_1_1_77_1.0
17_2_1_1_44_1.0
18_2_1_1_74_1.0
19_2_1_1_47_1.0
20_2_1_1_58_1.0
score_s_2_1_1_93.0
24_3_2_1_3_1.0
25_3_2_1_16_1.0
26_3_2_1_67_1.0
27_3_2_1_33_1.0
28_3_2_1_50_1.0
29_3_2_1_8_1.0
31_3_2_1_37_1.0
32_3_2_1_80_1.0
33_3_2_1_35_1.0
score_s_3_2_1_86.0
34_4_2_1_43_1.0
35_4_2_1_73_1.0
36_4_2_1_6_1.0
37_4_2_1_64_1.0
38_4_2_1_83_1.0
39_4_2_1_63_1.0
40_4_2_1_7_1.0
41_4_2_1_5_1.0
42_4_2_1_59_1.0
43_4_2_1_60_1.0
score_s_4_2_1_99.0
46_5_3_2_57_1.0
47_5_3_2_46_1.0
48_5_3_2_61_1.0
49_5_3_2_40_1.0
50_5_3_2_65_1.0
51_5_3_2_49_1.0
52_5_3_2_81_1.0
53_5_3_2_51_1.0
54_5_3_2_9_1.0
score_s_5_3_2_89.0
57_6_3_2_75_1.0
58_6_3_2_36_1.0
59_6_3_2_53_1.0
60_6_3_2_24_1.0
61_6_3_2_85_1.0
62_6_3_2_78_1.0
63_6_3_2_66_1.0
65_6_3_2_13_1.0
66_6_3_2_41_1.0
score_s_6_3_2_92.0
67_7_4_2_52_1.0
69_7_4_2_42_1.0
70_7_4_2_62_1.0
71_7_4_2_70_1.0
72_7_4_2_88_1.0
73_7_4_2_55_1.0
75_7_4_2_76_1.0
76_7_4_2_82_1.0
77_7_4_2_12_1.0
score_s_7_4_2_89.0
78_8_4_2_39_1.0
79_8_4_2_30_1.0
80_8_4_2_68_1.0
81_8_4_2_71_1.0
82_8_4_2_84_1.0
83_8_4_2_21_1.0
84_8_4_2_72_1.0
86_8_4_2_86_1.0
88_8_4_2_18_1.0
score_s_8_4_2_88.0
DURACION
7.0
4.0
9.0
15.0
3.0
13.0
12.0
3.0
9.0
15.0
11.0
5.0
3.0
6.0
4.0
15.0
9.0
6.0
3.0
13.0
8.0
9.0
12.0
9.0
7.0
4.0
8.0
5.0
9.0
4.0
15.0
10.0
12.0
12.0
5.0
13.0
4.0
15.0
11.0
5.0
9.0
8.0
3.0
9.0
11.0
12.0
7.0
6.0
11.0
8.0
8.0
14.0
7.0
7.0
9.0
6.0
6.0
12.0
10.0
9.0
4.0
3.0
9.0
13.0
11.0
5.0
9.0
12.0
4.0
11.0
14.0
15.0
3.0
6.0
15.0
3.0
3.0
14.0
13.0
5.0
7.0
7.0
6.0
5.0
7.0
6.0
10.0
10.0
VALOR
9.0
9.0
9.0
9.0
9.0
11.0
13.0
9.0
9.0
12.0
9.0
9.0
9.0
9.0
9.0
9.0
12.0
9.0
9.0
11.0
9.0
15.0
11.0
9.0
9.0
9.0
9.0
9.0
9.0
9.0
9.0
11.0
10.0
13.0
9.0
9.0
9.0
10.0
10.0
9.0
10.0
9.0
9.0
9.0
10.0
14.0
9.0
9.0
9.0
9.0
9.0
10.0
9.0
9.0
9.0
9.0
9.0
10.0
10.0
9.0
9.0
9.0
9.0
10.0
13.0
9.0
10.0
13.0
9.0
9.0
9.0
12.0
9.0
9.0
12.0
9.0
9.0
9.0
13.0
9.0
9.0
9.0
9.0
9.0
9.0
9.0
13.0
14.0
ESTRES
0.397880794
0.446286918
0.480472649
0.370983929
0.373659337
0.400886302
0.372344337
0.430049064
0.381292913
0.466015777
0.474724802
0.375025679
0.380668384
0.417940545
0.393334631
0.372806835
0.460290332
0.386390711
0.493826418
0.411716423
0.377047503
0.488482534
0.462124933
0.351404084
0.39156133
0.466317324
0.407050062
0.384730772
0.414357992
0.194588034
0.212888712
0.292390473
0.307809906
0.300529924
0.202351983
0.168093934
0.312459838
0.206411612
0.220317804
0.224643064
0.160714742
0.285365019
0.312112162
0.308134972
0.312450671
0.308606472
0.206224745
0.276344022
0.331679281
0.197788449
0.242324608
0.227151302
0.238280588
0.217561002
0.218668522
0.224469973
0.330788995
0.29845329
0.309103439
0.130374271
0.138044906
0.062377073
0.116191114
0.075807195
0.0712275
0.009077348
0.075067129
0.113869711
0.05723326
0.019181079
0.059225935
0.129988766
0.031041275
0.071417338
0.096158016
0.019793073
0.013959681
0.074294462
0.090151807
0.088391672
0.026800551
0.080372529
0.129411031
0.105495225
0.134491539
0.028526039
0.063097739
0.066709034
