Valor Objetivo:604.0
Runtime:900.6123316287994
Gap:0.0033112582781456954
1_1_1_1_15_1.0
5_1_1_1_6_1.0
6_1_1_1_5_1.0
7_1_1_1_53_1.0
8_1_1_1_60_1.0
9_1_1_1_16_1.0
10_1_1_1_1_1.0
score_s_1_1_1_84.0
12_2_1_1_36_1.0
13_2_1_1_43_1.0
15_2_1_1_17_1.0
16_2_1_1_12_1.0
17_2_1_1_55_1.0
18_2_1_1_13_1.0
20_2_1_1_20_1.0
score_s_2_1_1_69.0
23_3_2_1_33_1.0
24_3_2_1_83_1.0
26_3_2_1_18_1.0
27_3_2_1_11_1.0
28_3_2_1_24_1.0
29_3_2_1_30_1.0
30_3_2_1_87_1.0
score_s_3_2_1_72.0
34_4_2_1_72_1.0
36_4_2_1_48_1.0
37_4_2_1_22_1.0
38_4_2_1_85_1.0
39_4_2_1_35_1.0
40_4_2_1_54_1.0
41_4_2_1_27_1.0
42_4_2_1_21_1.0
score_s_4_2_1_82.0
45_5_3_2_23_1.0
49_5_3_2_37_1.0
50_5_3_2_32_1.0
51_5_3_2_47_1.0
53_5_3_2_52_1.0
54_5_3_2_9_1.0
55_5_3_2_31_1.0
score_s_5_3_2_73.0
57_6_3_2_14_1.0
60_6_3_2_2_1.0
61_6_3_2_56_1.0
62_6_3_2_10_1.0
64_6_3_2_26_1.0
65_6_3_2_46_1.0
66_6_3_2_65_1.0
score_s_6_3_2_72.0
67_7_4_2_4_1.0
68_7_4_2_7_1.0
69_7_4_2_8_1.0
70_7_4_2_59_1.0
71_7_4_2_41_1.0
76_7_4_2_40_1.0
77_7_4_2_44_1.0
score_s_7_4_2_77.0
78_8_4_2_28_1.0
80_8_4_2_19_1.0
81_8_4_2_34_1.0
82_8_4_2_39_1.0
85_8_4_2_29_1.0
86_8_4_2_51_1.0
88_8_4_2_3_1.0
score_s_8_4_2_75.0
DURACION
4.0
13.0
10.0
11.0
7.0
4.0
4.0
14.0
7.0
15.0
9.0
11.0
5.0
13.0
9.0
4.0
5.0
9.0
13.0
12.0
11.0
5.0
8.0
10.0
15.0
4.0
6.0
3.0
5.0
7.0
9.0
6.0
9.0
5.0
11.0
9.0
3.0
4.0
9.0
14.0
6.0
9.0
7.0
6.0
4.0
7.0
9.0
14.0
9.0
8.0
15.0
12.0
15.0
9.0
3.0
6.0
15.0
3.0
7.0
9.0
15.0
12.0
11.0
7.0
14.0
8.0
14.0
12.0
11.0
11.0
9.0
11.0
5.0
9.0
9.0
5.0
15.0
15.0
7.0
5.0
9.0
8.0
12.0
11.0
12.0
15.0
6.0
10.0
VALOR
9.0
15.0
13.0
15.0
9.0
9.0
9.0
14.0
9.0
10.0
9.0
13.0
9.0
15.0
10.0
9.0
9.0
9.0
12.0
15.0
11.0
9.0
9.0
11.0
10.0
9.0
9.0
9.0
9.0
9.0
9.0
9.0
10.0
9.0
15.0
10.0
9.0
9.0
9.0
14.0
9.0
9.0
9.0
9.0
9.0
9.0
9.0
13.0
14.0
9.0
12.0
13.0
10.0
9.0
9.0
9.0
9.0
9.0
9.0
9.0
9.0
12.0
13.0
9.0
14.0
9.0
13.0
10.0
9.0
14.0
9.0
14.0
9.0
9.0
9.0
9.0
10.0
10.0
9.0
9.0
9.0
9.0
13.0
14.0
11.0
15.0
9.0
14.0
ESTRES
0.068536119
0.122632799
0.019288968
0.079781444
0.060244953
0.074775259
0.063926555
0.054457554
0.068581114
0.138425879
0.083858077
0.121124283
0.12382301
0.112563631
0.091905502
0.01849136
0.053311981
0.08905694
0.05808276
0.019243837
0.079547409
0.022555301
0.062032344
0.032861748
0.136955856
0.018903395
0.022935181
0.134959958
0.030769616
0.01129352
0.126703199
0.057651248
0.018106658
0.126294392
0.070813413
0.071103688
0.058182526
0.130774983
0.06883462
0.039314016
0.104033467
0.116307986
0.047735558
0.012050378
0.118208824
0.036558727
0.066435127
0.087089219
0.139637472
0.131664564
0.094885787
0.026781114
0.081586211
0.09084738
0.073958193
0.047107501
0.095757057
0.140000521
0.05819397
0.070275991
0.12672259
0.097702408
0.088603835
0.141685751
0.032824215
0.127063863
0.125339185
0.093724668
0.134067738
0.094729859
0.107486558
0.035694597
0.140440627
0.098073943
0.090679651
0.10731332
0.085614375
0.086357613
0.128723902
0.115701403
0.136812631
0.080081766
0.033659753
0.141671857
0.025596497
0.092131456
0.052132919
0.112144661
