Valor Objetivo:661.0
Runtime:900.5814962387085
Gap:0.0045385779122541605
1_1_1_1_40_1.0
5_1_1_1_38_1.0
7_1_1_1_83_1.0
8_1_1_1_14_1.0
9_1_1_1_15_1.0
10_1_1_1_76_1.0
11_1_1_1_59_1.0
score_s_1_1_1_86.0
12_2_1_1_7_1.0
13_2_1_1_11_1.0
14_2_1_1_43_1.0
16_2_1_1_71_1.0
17_2_1_1_46_1.0
18_2_1_1_4_1.0
20_2_1_1_77_1.0
22_2_1_1_36_1.0
score_s_2_1_1_80.0
23_3_2_1_73_1.0
24_3_2_1_16_1.0
26_3_2_1_37_1.0
28_3_2_1_39_1.0
29_3_2_1_26_1.0
30_3_2_1_61_1.0
32_3_2_1_49_1.0
score_s_3_2_1_77.0
34_4_2_1_6_1.0
36_4_2_1_56_1.0
37_4_2_1_17_1.0
38_4_2_1_81_1.0
39_4_2_1_54_1.0
40_4_2_1_32_1.0
41_4_2_1_10_1.0
42_4_2_1_9_1.0
43_4_2_1_13_1.0
score_s_4_2_1_91.0
45_5_3_2_21_1.0
48_5_3_2_23_1.0
49_5_3_2_70_1.0
50_5_3_2_85_1.0
51_5_3_2_30_1.0
53_5_3_2_12_1.0
54_5_3_2_82_1.0
55_5_3_2_57_1.0
score_s_5_3_2_82.0
56_6_3_2_2_1.0
57_6_3_2_8_1.0
59_6_3_2_47_1.0
61_6_3_2_19_1.0
62_6_3_2_58_1.0
64_6_3_2_5_1.0
65_6_3_2_34_1.0
66_6_3_2_68_1.0
score_s_6_3_2_78.0
68_7_4_2_64_1.0
69_7_4_2_1_1.0
70_7_4_2_45_1.0
71_7_4_2_41_1.0
72_7_4_2_88_1.0
74_7_4_2_53_1.0
76_7_4_2_62_1.0
77_7_4_2_63_1.0
score_s_7_4_2_83.0
78_8_4_2_27_1.0
80_8_4_2_78_1.0
81_8_4_2_74_1.0
82_8_4_2_18_1.0
84_8_4_2_3_1.0
85_8_4_2_50_1.0
86_8_4_2_29_1.0
88_8_4_2_79_1.0
score_s_8_4_2_84.0
DURACION
4.0
13.0
10.0
11.0
7.0
4.0
4.0
14.0
7.0
15.0
9.0
11.0
5.0
13.0
9.0
4.0
5.0
9.0
13.0
12.0
11.0
5.0
8.0
10.0
15.0
4.0
6.0
3.0
5.0
7.0
9.0
6.0
9.0
5.0
11.0
9.0
3.0
4.0
9.0
14.0
6.0
9.0
7.0
6.0
4.0
7.0
9.0
14.0
9.0
8.0
15.0
12.0
15.0
9.0
3.0
6.0
15.0
3.0
7.0
9.0
15.0
12.0
11.0
7.0
14.0
8.0
14.0
12.0
11.0
11.0
9.0
11.0
5.0
9.0
9.0
5.0
15.0
15.0
7.0
5.0
9.0
8.0
12.0
11.0
12.0
15.0
6.0
10.0
VALOR
9.0
15.0
13.0
15.0
9.0
9.0
9.0
14.0
9.0
10.0
9.0
13.0
9.0
15.0
10.0
9.0
9.0
9.0
12.0
15.0
11.0
9.0
9.0
11.0
10.0
9.0
9.0
9.0
9.0
9.0
9.0
9.0
10.0
9.0
15.0
10.0
9.0
9.0
9.0
14.0
9.0
9.0
9.0
9.0
9.0
9.0
9.0
13.0
14.0
9.0
12.0
13.0
10.0
9.0
9.0
9.0
9.0
9.0
9.0
9.0
9.0
12.0
13.0
9.0
14.0
9.0
13.0
10.0
9.0
14.0
9.0
14.0
9.0
9.0
9.0
9.0
10.0
10.0
9.0
9.0
9.0
9.0
13.0
14.0
11.0
15.0
9.0
14.0
ESTRES
0.234255511
0.304442788
0.399401825
0.385259098
0.211629382
0.428230704
0.37614596
0.356916928
0.301177235
0.201771028
0.215624708
0.245522108
0.271953731
0.418546602
0.308977262
0.365954536
0.161913745
0.29880777
0.347577387
0.466842907
0.222059255
0.455165355
0.23896383
0.472614226
0.440009668
0.262093329
0.367010226
0.461657257
0.369307373
0.332834461
0.478797969
0.368218707
0.483734367
0.299387949
0.43457554
0.162398427
0.305607695
0.176968915
0.360530273
0.268652893
0.399552302
0.433381058
0.192614216
0.427502404
0.369557434
0.342728687
0.26341592
0.437470237
0.194100428
0.187480817
0.421949897
0.441055116
0.241885792
0.326339702
0.485538154
0.342337217
0.34747455
0.293546192
0.237495952
0.379272631
0.387541003
0.312436104
0.306179069
0.252669472
0.427132791
0.416680335
0.482403153
0.335005537
0.440069589
0.335561005
0.256967608
0.435094246
0.23932757
0.336576079
0.402699507
0.269612591
0.162341345
0.261338816
0.16685032
0.394501199
0.303505066
0.176124132
0.395532275
0.484537089
0.275500535
0.432497548
0.406969676
0.271389644
