Valor Objetivo:631.0
Runtime:900.6657936573029
Gap:0.001584786053882726
1_1_1_1_41_1.0
5_1_1_1_67_1.0
7_1_1_1_57_1.0
8_1_1_1_46_1.0
9_1_1_1_68_1.0
10_1_1_1_73_1.0
11_1_1_1_66_1.0
score_s_1_1_1_86.0
12_2_1_1_15_1.0
13_2_1_1_80_1.0
16_2_1_1_50_1.0
17_2_1_1_56_1.0
18_2_1_1_37_1.0
20_2_1_1_81_1.0
22_2_1_1_70_1.0
score_s_2_1_1_71.0
23_3_2_1_86_1.0
24_3_2_1_43_1.0
26_3_2_1_74_1.0
27_3_2_1_62_1.0
28_3_2_1_82_1.0
30_3_2_1_11_1.0
32_3_2_1_77_1.0
score_s_3_2_1_76.0
34_4_2_1_3_1.0
35_4_2_1_87_1.0
36_4_2_1_59_1.0
37_4_2_1_84_1.0
38_4_2_1_63_1.0
39_4_2_1_33_1.0
40_4_2_1_44_1.0
41_4_2_1_85_1.0
score_s_4_2_1_86.0
45_5_3_2_4_1.0
48_5_3_2_45_1.0
49_5_3_2_10_1.0
50_5_3_2_30_1.0
51_5_3_2_6_1.0
54_5_3_2_2_1.0
55_5_3_2_53_1.0
score_s_5_3_2_73.0
57_6_3_2_39_1.0
60_6_3_2_61_1.0
61_6_3_2_58_1.0
62_6_3_2_88_1.0
64_6_3_2_76_1.0
65_6_3_2_36_1.0
66_6_3_2_52_1.0
score_s_6_3_2_72.0
68_7_4_2_72_1.0
69_7_4_2_1_1.0
70_7_4_2_55_1.0
71_7_4_2_31_1.0
73_7_4_2_79_1.0
74_7_4_2_78_1.0
76_7_4_2_83_1.0
77_7_4_2_69_1.0
score_s_7_4_2_83.0
78_8_4_2_5_1.0
80_8_4_2_64_1.0
81_8_4_2_7_1.0
82_8_4_2_71_1.0
84_8_4_2_60_1.0
85_8_4_2_75_1.0
86_8_4_2_32_1.0
88_8_4_2_65_1.0
score_s_8_4_2_84.0
DURACION
4.0
13.0
10.0
11.0
7.0
4.0
4.0
14.0
7.0
15.0
9.0
11.0
5.0
13.0
9.0
4.0
5.0
9.0
13.0
12.0
11.0
5.0
8.0
10.0
15.0
4.0
6.0
3.0
5.0
7.0
9.0
6.0
9.0
5.0
11.0
9.0
3.0
4.0
9.0
14.0
6.0
9.0
7.0
6.0
4.0
7.0
9.0
14.0
9.0
8.0
15.0
12.0
15.0
9.0
3.0
6.0
15.0
3.0
7.0
9.0
15.0
12.0
11.0
7.0
14.0
8.0
14.0
12.0
11.0
11.0
9.0
11.0
5.0
9.0
9.0
5.0
15.0
15.0
7.0
5.0
9.0
8.0
12.0
11.0
12.0
15.0
6.0
10.0
VALOR
9.0
15.0
13.0
15.0
9.0
9.0
9.0
14.0
9.0
10.0
9.0
13.0
9.0
15.0
10.0
9.0
9.0
9.0
12.0
15.0
11.0
9.0
9.0
11.0
10.0
9.0
9.0
9.0
9.0
9.0
9.0
9.0
10.0
9.0
15.0
10.0
9.0
9.0
9.0
14.0
9.0
9.0
9.0
9.0
9.0
9.0
9.0
13.0
14.0
9.0
12.0
13.0
10.0
9.0
9.0
9.0
9.0
9.0
9.0
9.0
9.0
12.0
13.0
9.0
14.0
9.0
13.0
10.0
9.0
14.0
9.0
14.0
9.0
9.0
9.0
9.0
10.0
10.0
9.0
9.0
9.0
9.0
13.0
14.0
11.0
15.0
9.0
14.0
ESTRES
0.379281706
0.415369034
0.436191434
0.394680244
0.455437398
0.488063096
0.35104891
0.482764464
0.467961993
0.3899042
0.354426741
0.490295297
0.443438493
0.494907563
0.371290033
0.368647833
0.478550665
0.392364263
0.486770226
0.469081688
0.370030742
0.374934472
0.472557862
0.456528373
0.48853276
0.467153151
0.356310932
0.466462861
0.3798016
0.250954154
0.260113447
0.190636876
0.245204901
0.335654423
0.329685016
0.211324544
0.217185159
0.330482659
0.187184238
0.336722955
0.170028611
0.327563361
0.21147882
0.249568289
0.200587662
0.263669733
0.324502398
0.29696368
0.304170344
0.207251325
0.310648894
0.238881423
0.268739242
0.293794353
0.213601884
0.217336829
0.259148336
0.265643216
0.228568901
0.07511874
0.075669795
0.124809431
0.134917229
0.034364163
0.016266519
0.025022596
0.04900791
0.11861336
0.125899241
0.107243137
0.113707787
0.033320816
0.034711691
0.123568717
0.022955707
0.112835804
0.029027929
0.087459628
0.086732065
0.142673144
0.078277252
0.101537288
0.131862242
0.039271425
0.101381774
0.078196028
0.069123866
0.140604145
