Valor Objetivo:634.0
Runtime:900.6398932933807
Gap:0.0031545741324921135
1_1_1_1_51_1.0
5_1_1_1_18_1.0
7_1_1_1_55_1.0
8_1_1_1_58_1.0
9_1_1_1_20_1.0
10_1_1_1_1_1.0
11_1_1_1_28_1.0
score_s_1_1_1_86.0
12_2_1_1_57_1.0
16_2_1_1_54_1.0
17_2_1_1_33_1.0
18_2_1_1_35_1.0
19_2_1_1_8_1.0
20_2_1_1_4_1.0
22_2_1_1_15_1.0
score_s_2_1_1_73.0
23_3_2_1_21_1.0
24_3_2_1_44_1.0
26_3_2_1_19_1.0
28_3_2_1_17_1.0
29_3_2_1_26_1.0
30_3_2_1_56_1.0
32_3_2_1_10_1.0
score_s_3_2_1_77.0
34_4_2_1_50_1.0
35_4_2_1_7_1.0
36_4_2_1_39_1.0
37_4_2_1_2_1.0
38_4_2_1_47_1.0
39_4_2_1_31_1.0
40_4_2_1_48_1.0
41_4_2_1_3_1.0
score_s_4_2_1_86.0
45_5_3_2_42_1.0
48_5_3_2_23_1.0
49_5_3_2_53_1.0
50_5_3_2_43_1.0
51_5_3_2_49_1.0
54_5_3_2_13_1.0
55_5_3_2_38_1.0
score_s_5_3_2_73.0
57_6_3_2_45_1.0
60_6_3_2_25_1.0
61_6_3_2_30_1.0
62_6_3_2_36_1.0
64_6_3_2_27_1.0
65_6_3_2_59_1.0
66_6_3_2_37_1.0
score_s_6_3_2_72.0
68_7_4_2_6_1.0
69_7_4_2_12_1.0
70_7_4_2_34_1.0
71_7_4_2_46_1.0
73_7_4_2_29_1.0
74_7_4_2_24_1.0
76_7_4_2_40_1.0
77_7_4_2_11_1.0
score_s_7_4_2_83.0
78_8_4_2_52_1.0
80_8_4_2_5_1.0
81_8_4_2_41_1.0
82_8_4_2_14_1.0
84_8_4_2_16_1.0
85_8_4_2_9_1.0
86_8_4_2_32_1.0
88_8_4_2_22_1.0
score_s_8_4_2_84.0
DURACION
4.0
13.0
10.0
11.0
7.0
4.0
4.0
14.0
7.0
15.0
9.0
11.0
5.0
13.0
9.0
4.0
5.0
9.0
13.0
12.0
11.0
5.0
8.0
10.0
15.0
4.0
6.0
3.0
5.0
7.0
9.0
6.0
9.0
5.0
11.0
9.0
3.0
4.0
9.0
14.0
6.0
9.0
7.0
6.0
4.0
7.0
9.0
14.0
9.0
8.0
15.0
12.0
15.0
9.0
3.0
6.0
15.0
3.0
7.0
9.0
15.0
12.0
11.0
7.0
14.0
8.0
14.0
12.0
11.0
11.0
9.0
11.0
5.0
9.0
9.0
5.0
15.0
15.0
7.0
5.0
9.0
8.0
12.0
11.0
12.0
15.0
6.0
10.0
VALOR
9.0
15.0
13.0
15.0
9.0
9.0
9.0
14.0
9.0
10.0
9.0
13.0
9.0
15.0
10.0
9.0
9.0
9.0
12.0
15.0
11.0
9.0
9.0
11.0
10.0
9.0
9.0
9.0
9.0
9.0
9.0
9.0
10.0
9.0
15.0
10.0
9.0
9.0
9.0
14.0
9.0
9.0
9.0
9.0
9.0
9.0
9.0
13.0
14.0
9.0
12.0
13.0
10.0
9.0
9.0
9.0
9.0
9.0
9.0
9.0
9.0
12.0
13.0
9.0
14.0
9.0
13.0
10.0
9.0
14.0
9.0
14.0
9.0
9.0
9.0
9.0
10.0
10.0
9.0
9.0
9.0
9.0
13.0
14.0
11.0
15.0
9.0
14.0
ESTRES
0.014061213
0.042966308
0.098813081
0.097146032
0.033340289
0.021971465
0.038540676
0.111792136
0.029784258
0.036883897
0.140583524
0.031145012
0.12292367
0.110909882
0.075032519
0.061823252
0.077901591
0.074608176
0.138750247
0.104679731
0.06107099
0.021195805
0.149977665
0.049998022
0.042950477
0.105141634
0.105785524
0.012248757
0.096308363
0.320064714
0.216939167
0.22780971
0.200964774
0.291756646
0.180960512
0.181029064
0.266539702
0.320233214
0.295457944
0.17287728
0.215388972
0.165130311
0.235402425
0.240643406
0.288015401
0.338689348
0.187435881
0.326335076
0.333437747
0.258514246
0.172777176
0.215226907
0.2901727
0.161772444
0.298343768
0.286474364
0.178116089
0.296869607
0.163262267
0.400283313
0.35357379
0.410250012
0.446712167
0.36827991
0.424592751
0.373412114
0.400671636
0.360370527
0.441431263
0.492098234
0.365700009
0.363712919
0.410398577
0.410967204
0.376790258
0.452497621
0.46915022
0.488522964
0.446125413
0.471586984
0.412448224
0.468825031
0.434719785
0.376515881
0.361396549
0.366379348
0.457978489
0.373995024
