Valor Objetivo:638.0
Runtime:901.0250098705292
Gap:0.004702194357366771
1_1_1_1_7_1.0
5_1_1_1_14_1.0
7_1_1_1_67_1.0
8_1_1_1_44_1.0
9_1_1_1_72_1.0
10_1_1_1_20_1.0
11_1_1_1_27_1.0
score_s_1_1_1_86.0
12_2_1_1_77_1.0
13_2_1_1_86_1.0
16_2_1_1_28_1.0
17_2_1_1_85_1.0
18_2_1_1_21_1.0
20_2_1_1_25_1.0
22_2_1_1_81_1.0
score_s_2_1_1_71.0
23_3_2_1_6_1.0
24_3_2_1_16_1.0
26_3_2_1_26_1.0
28_3_2_1_8_1.0
29_3_2_1_5_1.0
30_3_2_1_39_1.0
32_3_2_1_74_1.0
score_s_3_2_1_77.0
34_4_2_1_79_1.0
35_4_2_1_23_1.0
36_4_2_1_63_1.0
37_4_2_1_12_1.0
38_4_2_1_78_1.0
39_4_2_1_22_1.0
40_4_2_1_32_1.0
41_4_2_1_17_1.0
score_s_4_2_1_86.0
45_5_3_2_64_1.0
49_5_3_2_66_1.0
50_5_3_2_24_1.0
51_5_3_2_62_1.0
53_5_3_2_68_1.0
54_5_3_2_3_1.0
55_5_3_2_73_1.0
score_s_5_3_2_73.0
57_6_3_2_61_1.0
59_6_3_2_19_1.0
61_6_3_2_69_1.0
62_6_3_2_9_1.0
63_6_3_2_29_1.0
64_6_3_2_4_1.0
65_6_3_2_11_1.0
66_6_3_2_10_1.0
score_s_6_3_2_78.0
68_7_4_2_1_1.0
69_7_4_2_70_1.0
70_7_4_2_18_1.0
71_7_4_2_71_1.0
72_7_4_2_87_1.0
74_7_4_2_60_1.0
76_7_4_2_83_1.0
77_7_4_2_75_1.0
score_s_7_4_2_83.0
78_8_4_2_84_1.0
80_8_4_2_13_1.0
81_8_4_2_65_1.0
82_8_4_2_88_1.0
84_8_4_2_2_1.0
85_8_4_2_82_1.0
86_8_4_2_15_1.0
88_8_4_2_80_1.0
score_s_8_4_2_84.0
DURACION
4.0
13.0
10.0
11.0
7.0
4.0
4.0
14.0
7.0
15.0
9.0
11.0
5.0
13.0
9.0
4.0
5.0
9.0
13.0
12.0
11.0
5.0
8.0
10.0
15.0
4.0
6.0
3.0
5.0
7.0
9.0
6.0
9.0
5.0
11.0
9.0
3.0
4.0
9.0
14.0
6.0
9.0
7.0
6.0
4.0
7.0
9.0
14.0
9.0
8.0
15.0
12.0
15.0
9.0
3.0
6.0
15.0
3.0
7.0
9.0
15.0
12.0
11.0
7.0
14.0
8.0
14.0
12.0
11.0
11.0
9.0
11.0
5.0
9.0
9.0
5.0
15.0
15.0
7.0
5.0
9.0
8.0
12.0
11.0
12.0
15.0
6.0
10.0
VALOR
9.0
15.0
13.0
15.0
9.0
9.0
9.0
14.0
9.0
10.0
9.0
13.0
9.0
15.0
10.0
9.0
9.0
9.0
12.0
15.0
11.0
9.0
9.0
11.0
10.0
9.0
9.0
9.0
9.0
9.0
9.0
9.0
10.0
9.0
15.0
10.0
9.0
9.0
9.0
14.0
9.0
9.0
9.0
9.0
9.0
9.0
9.0
13.0
14.0
9.0
12.0
13.0
10.0
9.0
9.0
9.0
9.0
9.0
9.0
9.0
9.0
12.0
13.0
9.0
14.0
9.0
13.0
10.0
9.0
14.0
9.0
14.0
9.0
9.0
9.0
9.0
10.0
10.0
9.0
9.0
9.0
9.0
13.0
14.0
11.0
15.0
9.0
14.0
ESTRES
0.129529771
0.177920863
0.07056427
0.043623585
0.130424502
0.044407437
0.326156637
0.079123094
0.0455044
0.276474522
0.13460546
0.041336889
0.023836512
0.052511341
0.330660378
0.278247831
0.065887528
0.271041235
0.080735512
0.042535813
0.260502133
0.256319282
0.040776568
0.228517715
0.052131474
0.18369632
0.011875275
0.21980785
0.083371551
0.408826855
0.410035085
0.376167845
0.404115164
0.462751592
0.496977036
0.477674359
0.414640154
0.427448881
0.357139837
0.49751062
0.393754933
0.385703803
0.492743301
0.357954563
0.425162163
0.486863176
0.436480102
0.487008016
0.407622596
0.445685666
0.477986934
0.412489852
0.357776674
0.354637537
0.397085765
0.383210898
0.401266161
0.442637654
0.353011379
0.070524608
0.171673623
0.268987264
0.244288366
0.32663957
0.201710374
0.251750563
0.327952577
0.078703026
0.165923107
0.052205832
0.222507861
0.068187338
0.311623938
0.025830188
0.074307988
0.332554213
0.262818185
0.126133627
0.260044841
0.019664009
0.048001582
0.023306422
0.155012045
0.216598309
0.266839041
0.131974194
0.058405307
0.076274945
