Valor Objetivo:606.0
Runtime:900.8227217197418
Gap:0.0033003300330033004
1_1_1_1_13_1.0
5_1_1_1_46_1.0
6_1_1_1_3_1.0
7_1_1_1_43_1.0
8_1_1_1_83_1.0
9_1_1_1_37_1.0
10_1_1_1_1_1.0
score_s_1_1_1_84.0
12_2_1_1_44_1.0
13_2_1_1_22_1.0
16_2_1_1_50_1.0
17_2_1_1_54_1.0
18_2_1_1_7_1.0
20_2_1_1_15_1.0
22_2_1_1_16_1.0
score_s_2_1_1_71.0
23_3_2_1_39_1.0
24_3_2_1_11_1.0
26_3_2_1_34_1.0
27_3_2_1_71_1.0
28_3_2_1_5_1.0
29_3_2_1_62_1.0
30_3_2_1_87_1.0
score_s_3_2_1_72.0
34_4_2_1_48_1.0
36_4_2_1_28_1.0
37_4_2_1_9_1.0
38_4_2_1_66_1.0
39_4_2_1_60_1.0
40_4_2_1_51_1.0
41_4_2_1_8_1.0
42_4_2_1_79_1.0
score_s_4_2_1_82.0
45_5_3_2_61_1.0
49_5_3_2_53_1.0
50_5_3_2_55_1.0
51_5_3_2_81_1.0
53_5_3_2_47_1.0
54_5_3_2_6_1.0
55_5_3_2_59_1.0
score_s_5_3_2_73.0
57_6_3_2_31_1.0
60_6_3_2_4_1.0
61_6_3_2_23_1.0
62_6_3_2_30_1.0
64_6_3_2_20_1.0
65_6_3_2_49_1.0
66_6_3_2_78_1.0
score_s_6_3_2_72.0
67_7_4_2_2_1.0
68_7_4_2_24_1.0
69_7_4_2_10_1.0
70_7_4_2_32_1.0
71_7_4_2_68_1.0
76_7_4_2_52_1.0
77_7_4_2_42_1.0
score_s_7_4_2_77.0
78_8_4_2_14_1.0
80_8_4_2_12_1.0
81_8_4_2_41_1.0
82_8_4_2_17_1.0
85_8_4_2_19_1.0
86_8_4_2_29_1.0
88_8_4_2_72_1.0
score_s_8_4_2_75.0
DURACION
4.0
13.0
10.0
11.0
7.0
4.0
4.0
14.0
7.0
15.0
9.0
11.0
5.0
13.0
9.0
4.0
5.0
9.0
13.0
12.0
11.0
5.0
8.0
10.0
15.0
4.0
6.0
3.0
5.0
7.0
9.0
6.0
9.0
5.0
11.0
9.0
3.0
4.0
9.0
14.0
6.0
9.0
7.0
6.0
4.0
7.0
9.0
14.0
9.0
8.0
15.0
12.0
15.0
9.0
3.0
6.0
15.0
3.0
7.0
9.0
15.0
12.0
11.0
7.0
14.0
8.0
14.0
12.0
11.0
11.0
9.0
11.0
5.0
9.0
9.0
5.0
15.0
15.0
7.0
5.0
9.0
8.0
12.0
11.0
12.0
15.0
6.0
10.0
VALOR
9.0
15.0
13.0
15.0
9.0
9.0
9.0
14.0
9.0
10.0
9.0
13.0
9.0
15.0
10.0
9.0
9.0
9.0
12.0
15.0
11.0
9.0
9.0
11.0
10.0
9.0
9.0
9.0
9.0
9.0
9.0
9.0
10.0
9.0
15.0
10.0
9.0
9.0
9.0
14.0
9.0
9.0
9.0
9.0
9.0
9.0
9.0
13.0
14.0
9.0
12.0
13.0
10.0
9.0
9.0
9.0
9.0
9.0
9.0
9.0
9.0
12.0
13.0
9.0
14.0
9.0
13.0
10.0
9.0
14.0
9.0
14.0
9.0
9.0
9.0
9.0
10.0
10.0
9.0
9.0
9.0
9.0
13.0
14.0
11.0
15.0
9.0
14.0
ESTRES
0.4480174
0.473940536
0.353750897
0.384947302
0.499107888
0.482191867
0.492212434
0.44071723
0.413364706
0.403734993
0.475345611
0.417851559
0.450508951
0.449607033
0.354831607
0.366103177
0.397497414
0.488039905
0.383143956
0.358662488
0.490971698
0.384605563
0.427612024
0.368631753
0.490722965
0.46608074
0.494338763
0.403728225
0.408450434
0.388332667
0.401328123
0.408959683
0.457980495
0.381122713
0.441087603
0.446653702
0.353019965
0.440181759
0.364069109
0.488659388
0.395895581
0.372883163
0.409465981
0.386423874
0.464001755
0.352335074
0.381337263
0.402341223
0.367374162
0.365192052
0.41430257
0.372206789
0.420728684
0.380292507
0.391098307
0.490284461
0.444605783
0.478317296
0.414854453
0.395046582
0.374517609
0.358487767
0.416186975
0.459655939
0.450309716
0.381258661
0.420493647
0.396772345
0.448548711
0.492857595
0.367365907
0.351038274
0.451637087
0.476207253
0.414312041
0.489989358
0.418754244
0.37611243
0.369699225
0.480441183
0.391373501
0.474299659
0.392390499
0.430417844
0.480316222
0.446664011
0.3826308
0.46187955
