Valor Objetivo:627.0
Runtime:900.9188838005066
Gap:0.001594896331738437
1_1_1_1_70_1.0
5_1_1_1_21_1.0
6_1_1_1_69_1.0
7_1_1_1_72_1.0
8_1_1_1_60_1.0
9_1_1_1_19_1.0
10_1_1_1_13_1.0
score_s_1_1_1_84.0
12_2_1_1_77_1.0
13_2_1_1_8_1.0
16_2_1_1_15_1.0
17_2_1_1_74_1.0
18_2_1_1_61_1.0
20_2_1_1_10_1.0
22_2_1_1_22_1.0
score_s_2_1_1_71.0
23_3_2_1_4_1.0
24_3_2_1_12_1.0
26_3_2_1_65_1.0
27_3_2_1_88_1.0
28_3_2_1_68_1.0
30_3_2_1_78_1.0
32_3_2_1_23_1.0
score_s_3_2_1_76.0
34_4_2_1_27_1.0
35_4_2_1_9_1.0
36_4_2_1_85_1.0
37_4_2_1_64_1.0
38_4_2_1_20_1.0
39_4_2_1_14_1.0
40_4_2_1_36_1.0
41_4_2_1_66_1.0
score_s_4_2_1_86.0
45_5_3_2_84_1.0
49_5_3_2_63_1.0
50_5_3_2_16_1.0
51_5_3_2_30_1.0
53_5_3_2_6_1.0
54_5_3_2_28_1.0
55_5_3_2_79_1.0
score_s_5_3_2_73.0
57_6_3_2_17_1.0
60_6_3_2_67_1.0
61_6_3_2_26_1.0
62_6_3_2_87_1.0
64_6_3_2_75_1.0
65_6_3_2_5_1.0
66_6_3_2_80_1.0
score_s_6_3_2_72.0
68_7_4_2_3_1.0
69_7_4_2_1_1.0
70_7_4_2_29_1.0
71_7_4_2_81_1.0
73_7_4_2_2_1.0
74_7_4_2_86_1.0
76_7_4_2_11_1.0
77_7_4_2_73_1.0
score_s_7_4_2_83.0
78_8_4_2_71_1.0
80_8_4_2_18_1.0
81_8_4_2_82_1.0
82_8_4_2_62_1.0
83_8_4_2_24_1.0
84_8_4_2_7_1.0
85_8_4_2_25_1.0
86_8_4_2_76_1.0
score_s_8_4_2_82.0
DURACION
4.0
13.0
10.0
11.0
7.0
4.0
4.0
14.0
7.0
15.0
9.0
11.0
5.0
13.0
9.0
4.0
5.0
9.0
13.0
12.0
11.0
5.0
8.0
10.0
15.0
4.0
6.0
3.0
5.0
7.0
9.0
6.0
9.0
5.0
11.0
9.0
3.0
4.0
9.0
14.0
6.0
9.0
7.0
6.0
4.0
7.0
9.0
14.0
9.0
8.0
15.0
12.0
15.0
9.0
3.0
6.0
15.0
3.0
7.0
9.0
15.0
12.0
11.0
7.0
14.0
8.0
14.0
12.0
11.0
11.0
9.0
11.0
5.0
9.0
9.0
5.0
15.0
15.0
7.0
5.0
9.0
8.0
12.0
11.0
12.0
15.0
6.0
10.0
VALOR
9.0
15.0
13.0
15.0
9.0
9.0
9.0
14.0
9.0
10.0
9.0
13.0
9.0
15.0
10.0
9.0
9.0
9.0
12.0
15.0
11.0
9.0
9.0
11.0
10.0
9.0
9.0
9.0
9.0
9.0
9.0
9.0
10.0
9.0
15.0
10.0
9.0
9.0
9.0
14.0
9.0
9.0
9.0
9.0
9.0
9.0
9.0
13.0
14.0
9.0
12.0
13.0
10.0
9.0
9.0
9.0
9.0
9.0
9.0
9.0
9.0
12.0
13.0
9.0
14.0
9.0
13.0
10.0
9.0
14.0
9.0
14.0
9.0
9.0
9.0
9.0
10.0
10.0
9.0
9.0
9.0
9.0
13.0
14.0
11.0
15.0
9.0
14.0
ESTRES
0.294318527
0.244289696
0.075898141
0.102676502
0.317461373
0.256872293
0.163077986
0.224217663
0.060984249
0.106439355
0.204037266
0.283339028
0.059397526
0.23635947
0.223755556
0.262828924
0.331639108
0.051986066
0.146367844
0.184013461
0.107684986
0.1174318
0.01664501
0.007361048
0.049502352
0.332439115
0.241023346
0.093410682
0.251897593
0.367137104
0.488630271
0.429804215
0.496559694
0.424085079
0.388778919
0.350166561
0.419166012
0.440966301
0.430344748
0.489349151
0.479195323
0.380392225
0.476586685
0.414852566
0.474012298
0.396064592
0.445223988
0.46003067
0.477077303
0.44383813
0.361535261
0.483394155
0.462289939
0.454786633
0.426321627
0.357568249
0.453611351
0.454737089
0.395042704
0.323715437
0.226184723
0.111774341
0.318300939
0.049146466
0.15909659
0.058030502
0.061635175
0.082991941
0.082713254
0.158489028
0.234597475
0.315080974
0.116394971
0.285545414
0.103427439
0.22002287
0.248155145
0.235438056
0.306168985
0.221940176
0.295961084
0.228414844
0.322134904
0.142251328
0.281000649
0.069064906
0.152670735
0.13167765
