Valor Objetivo:783.0
Runtime:16.893298864364624
Gap:0.0
4_1_1_1_72_1.0
5_1_1_1_18_1.0
6_1_1_1_8_1.0
7_1_1_1_46_1.0
8_1_1_1_4_1.0
9_1_1_1_17_1.0
10_1_1_1_59_1.0
11_1_1_1_25_1.0
score_s_1_1_1_100.0
12_2_1_1_82_1.0
13_2_1_1_43_1.0
14_2_1_1_73_1.0
16_2_1_1_69_1.0
17_2_1_1_57_1.0
18_2_1_1_55_1.0
19_2_1_1_74_1.0
20_2_1_1_81_1.0
21_2_1_1_40_1.0
22_2_1_1_84_1.0
score_s_2_1_1_100.0
23_3_2_1_42_1.0
24_3_2_1_68_1.0
26_3_2_1_71_1.0
27_3_2_1_58_1.0
28_3_2_1_88_1.0
29_3_2_1_23_1.0
30_3_2_1_47_1.0
32_3_2_1_61_1.0
33_3_2_1_50_1.0
score_s_3_2_1_95.0
34_4_2_1_38_1.0
36_4_2_1_16_1.0
37_4_2_1_15_1.0
38_4_2_1_27_1.0
39_4_2_1_24_1.0
40_4_2_1_20_1.0
41_4_2_1_14_1.0
42_4_2_1_29_1.0
43_4_2_1_28_1.0
44_4_2_1_13_1.0
score_s_4_2_1_100.0
45_5_3_2_65_1.0
48_5_3_2_41_1.0
49_5_3_2_34_1.0
50_5_3_2_79_1.0
51_5_3_2_22_1.0
52_5_3_2_67_1.0
53_5_3_2_45_1.0
54_5_3_2_78_1.0
55_5_3_2_39_1.0
score_s_5_3_2_92.0
56_6_3_2_31_1.0
57_6_3_2_19_1.0
59_6_3_2_83_1.0
60_6_3_2_76_1.0
61_6_3_2_26_1.0
62_6_3_2_60_1.0
63_6_3_2_80_1.0
64_6_3_2_36_1.0
65_6_3_2_87_1.0
66_6_3_2_86_1.0
score_s_6_3_2_99.0
67_7_4_2_77_1.0
68_7_4_2_12_1.0
69_7_4_2_75_1.0
70_7_4_2_5_1.0
71_7_4_2_85_1.0
74_7_4_2_51_1.0
75_7_4_2_54_1.0
76_7_4_2_33_1.0
77_7_4_2_32_1.0
score_s_7_4_2_97.0
78_8_4_2_37_1.0
79_8_4_2_49_1.0
80_8_4_2_30_1.0
81_8_4_2_62_1.0
82_8_4_2_63_1.0
83_8_4_2_70_1.0
85_8_4_2_53_1.0
86_8_4_2_66_1.0
88_8_4_2_44_1.0
score_s_8_4_2_100.0
DURACION
4.0
13.0
10.0
11.0
7.0
4.0
4.0
14.0
7.0
15.0
9.0
11.0
5.0
13.0
9.0
4.0
5.0
9.0
13.0
12.0
11.0
5.0
8.0
10.0
15.0
4.0
6.0
3.0
5.0
7.0
9.0
6.0
9.0
5.0
11.0
9.0
3.0
4.0
9.0
14.0
6.0
9.0
7.0
6.0
4.0
7.0
9.0
14.0
9.0
8.0
15.0
12.0
15.0
9.0
3.0
6.0
15.0
3.0
7.0
9.0
15.0
12.0
11.0
7.0
14.0
8.0
14.0
12.0
11.0
11.0
9.0
11.0
5.0
9.0
9.0
5.0
15.0
15.0
7.0
5.0
9.0
8.0
12.0
11.0
12.0
15.0
6.0
10.0
VALOR
9.0
15.0
13.0
15.0
9.0
9.0
9.0
14.0
9.0
10.0
9.0
13.0
9.0
15.0
10.0
9.0
9.0
9.0
12.0
15.0
11.0
9.0
9.0
11.0
10.0
9.0
9.0
9.0
9.0
9.0
9.0
9.0
10.0
9.0
15.0
10.0
9.0
9.0
9.0
14.0
9.0
9.0
9.0
9.0
9.0
9.0
9.0
13.0
14.0
9.0
12.0
13.0
10.0
9.0
9.0
9.0
9.0
9.0
9.0
9.0
9.0
12.0
13.0
9.0
14.0
9.0
13.0
10.0
9.0
14.0
9.0
14.0
9.0
9.0
9.0
9.0
10.0
10.0
9.0
9.0
9.0
9.0
13.0
14.0
11.0
15.0
9.0
14.0
ESTRES
0.143745957
0.139914349
0.136119311
0.016799855
0.026222746
0.14678191
0.143767952
0.011668904
0.106649758
0.115105455
0.139461647
0.02882441
0.136983054
0.136100376
0.105182603
0.136778208
0.06473857
0.064786559
0.055821609
0.11645591
0.14862071
0.084959358
0.073961635
0.144568449
0.046385194
0.075279164
0.142577866
0.116303318
0.148255456
0.058924936
0.017589038
0.093524688
0.095518043
0.099685269
0.133610518
0.010190504
0.110316943
0.124218913
0.106159904
0.006543515
0.054449207
0.047276954
0.026469451
0.023821804
0.055757129
0.127282307
0.124021769
0.131636038
0.024686942
0.09567911
0.096104695
0.143955677
0.050632371
0.077001934
0.053768043
0.145194556
0.094496005
0.104611787
0.095692768
0.059043034
0.063451855
0.121925658
0.104079358
0.143853502
0.070137602
0.120634912
0.022777817
0.11743999
0.05693388
0.054034938
0.113550785
0.112367534
0.032675798
0.014157853
0.097747853
0.008853676
0.060614243
0.022835537
0.108954735
0.057287977
0.006894767
0.104166736
0.056668032
0.014764673
0.135879507
0.103137895
0.083852462
0.093498061
