Valor Objetivo:650.0
Runtime:901.3229370117188
Gap:0.007692307692307693
1_1_1_1_16_1.0
2_1_1_1_4_1.0
3_1_1_1_64_1.0
4_1_1_1_52_1.0
5_1_1_1_60_1.0
6_1_1_1_1_1.0
9_1_1_1_21_1.0
10_1_1_1_78_1.0
score_s_1_1_1_83.0
12_2_1_1_82_1.0
14_2_1_1_26_1.0
15_2_1_1_84_1.0
16_2_1_1_19_1.0
17_2_1_1_20_1.0
20_2_1_1_31_1.0
21_2_1_1_39_1.0
22_2_1_1_18_1.0
score_s_2_1_1_84.0
24_3_2_1_15_1.0
25_3_2_1_27_1.0
26_3_2_1_76_1.0
27_3_2_1_77_1.0
29_3_2_1_74_1.0
30_3_2_1_87_1.0
31_3_2_1_8_1.0
32_3_2_1_70_1.0
33_3_2_1_7_1.0
score_s_3_2_1_90.0
34_4_2_1_28_1.0
35_4_2_1_25_1.0
38_4_2_1_79_1.0
39_4_2_1_68_1.0
43_4_2_1_3_1.0
44_4_2_1_67_1.0
score_s_4_2_1_73.0
46_5_3_2_6_1.0
49_5_3_2_14_1.0
50_5_3_2_61_1.0
51_5_3_2_80_1.0
53_5_3_2_5_1.0
54_5_3_2_73_1.0
score_s_5_3_2_71.0
56_6_3_2_66_1.0
57_6_3_2_13_1.0
59_6_3_2_36_1.0
60_6_3_2_12_1.0
61_6_3_2_23_1.0
62_6_3_2_85_1.0
63_6_3_2_24_1.0
66_6_3_2_17_1.0
score_s_6_3_2_80.0
67_7_4_2_75_1.0
69_7_4_2_2_1.0
70_7_4_2_62_1.0
71_7_4_2_29_1.0
72_7_4_2_22_1.0
73_7_4_2_69_1.0
74_7_4_2_63_1.0
76_7_4_2_71_1.0
77_7_4_2_83_1.0
score_s_7_4_2_97.0
78_8_4_2_65_1.0
79_8_4_2_10_1.0
80_8_4_2_9_1.0
84_8_4_2_86_1.0
86_8_4_2_81_1.0
88_8_4_2_11_1.0
score_s_8_4_2_72.0
DURACION
7.0
3.0
9.0
15.0
7.0
8.0
9.0
10.0
12.0
15.0
5.0
11.0
4.0
5.0
6.0
9.0
6.0
11.0
6.0
14.0
9.0
15.0
13.0
13.0
6.0
9.0
9.0
9.0
13.0
12.0
3.0
15.0
3.0
8.0
11.0
7.0
13.0
9.0
4.0
10.0
3.0
9.0
6.0
9.0
10.0
12.0
10.0
10.0
9.0
15.0
14.0
7.0
15.0
5.0
9.0
11.0
9.0
6.0
3.0
9.0
9.0
6.0
15.0
5.0
3.0
4.0
9.0
12.0
3.0
8.0
10.0
14.0
4.0
3.0
11.0
3.0
12.0
9.0
14.0
4.0
6.0
13.0
7.0
11.0
14.0
15.0
12.0
4.0
VALOR
9.0
9.0
9.0
11.0
9.0
9.0
9.0
15.0
12.0
11.0
9.0
10.0
9.0
9.0
9.0
13.0
9.0
13.0
9.0
15.0
11.0
15.0
11.0
14.0
9.0
9.0
13.0
9.0
14.0
12.0
9.0
14.0
9.0
9.0
14.0
9.0
11.0
9.0
9.0
11.0
9.0
9.0
9.0
11.0
14.0
12.0
12.0
14.0
9.0
15.0
12.0
9.0
13.0
9.0
9.0
11.0
9.0
9.0
9.0
9.0
14.0
9.0
13.0
9.0
9.0
9.0
10.0
15.0
9.0
9.0
14.0
13.0
9.0
9.0
13.0
9.0
13.0
9.0
15.0
9.0
9.0
13.0
9.0
15.0
10.0
13.0
11.0
9.0
ESTRES
0.089112412
0.019674605
0.192003934
0.02501171
0.213406925
0.188007709
0.157227244
0.324090782
0.022094459
0.13156403
0.047841968
0.328420928
0.201757378
0.038753451
0.32779968
0.008580122
0.030450688
0.113909019
0.010245648
0.317347135
0.332993687
0.21057352
0.245635147
0.110029627
0.239906439
0.205330329
0.10546411
0.323947627
0.122326504
0.476704066
0.383319123
0.41042421
0.395765068
0.494236567
0.481825883
0.375033749
0.487366549
0.434495942
0.365930918
0.488674202
0.499673771
0.455525107
0.48886138
0.413921607
0.38286713
0.369771748
0.441684484
0.435892922
0.469475427
0.397461844
0.442086717
0.350069892
0.449496755
0.410006174
0.428866449
0.476557739
0.450660324
0.488141568
0.369865545
0.081233228
0.054433822
0.023514921
0.058603075
0.32859203
0.176701604
0.242271858
0.125738045
0.031665387
0.162090257
0.284915917
0.239808184
0.185501099
0.116103807
0.151623347
0.006099887
0.188907944
0.23929029
0.215590714
0.132645071
0.291303919
0.135959357
0.134339479
0.091808716
0.048263088
0.315493896
0.006803965
0.095447701
0.320993374
