Valor Objetivo:611.0
Runtime:900.7622888088226
Gap:0.016366612111292964
1_1_1_1_9_1.0
3_1_1_1_80_1.0
4_1_1_1_30_1.0
5_1_1_1_70_1.0
6_1_1_1_40_1.0
7_1_1_1_3_1.0
9_1_1_1_72_1.0
10_1_1_1_51_1.0
score_s_1_1_1_79.0
14_2_1_1_88_1.0
16_2_1_1_7_1.0
17_2_1_1_22_1.0
18_2_1_1_59_1.0
20_2_1_1_57_1.0
21_2_1_1_17_1.0
22_2_1_1_29_1.0
score_s_2_1_1_76.0
24_3_2_1_33_1.0
25_3_2_1_66_1.0
26_3_2_1_85_1.0
27_3_2_1_42_1.0
29_3_2_1_2_1.0
30_3_2_1_14_1.0
31_3_2_1_10_1.0
32_3_2_1_60_1.0
33_3_2_1_25_1.0
score_s_3_2_1_90.0
34_4_2_1_13_1.0
35_4_2_1_81_1.0
36_4_2_1_31_1.0
38_4_2_1_21_1.0
39_4_2_1_8_1.0
44_4_2_1_50_1.0
score_s_4_2_1_69.0
46_5_3_2_6_1.0
47_5_3_2_20_1.0
50_5_3_2_5_1.0
51_5_3_2_87_1.0
53_5_3_2_16_1.0
54_5_3_2_26_1.0
score_s_5_3_2_66.0
56_6_3_2_56_1.0
59_6_3_2_79_1.0
60_6_3_2_36_1.0
61_6_3_2_54_1.0
62_6_3_2_34_1.0
63_6_3_2_28_1.0
65_6_3_2_18_1.0
66_6_3_2_35_1.0
score_s_6_3_2_78.0
67_7_4_2_49_1.0
69_7_4_2_1_1.0
70_7_4_2_4_1.0
71_7_4_2_15_1.0
72_7_4_2_43_1.0
73_7_4_2_64_1.0
74_7_4_2_12_1.0
76_7_4_2_69_1.0
score_s_7_4_2_88.0
78_8_4_2_74_1.0
79_8_4_2_23_1.0
83_8_4_2_61_1.0
85_8_4_2_11_1.0
86_8_4_2_52_1.0
88_8_4_2_37_1.0
score_s_8_4_2_65.0
DURACION
7.0
3.0
9.0
15.0
7.0
8.0
9.0
10.0
12.0
15.0
5.0
11.0
4.0
5.0
6.0
9.0
6.0
11.0
6.0
14.0
9.0
15.0
13.0
13.0
6.0
9.0
9.0
9.0
13.0
12.0
3.0
15.0
3.0
8.0
11.0
7.0
13.0
9.0
4.0
10.0
3.0
9.0
6.0
9.0
10.0
12.0
10.0
10.0
9.0
15.0
14.0
7.0
15.0
5.0
9.0
11.0
9.0
6.0
3.0
9.0
9.0
6.0
15.0
5.0
3.0
4.0
9.0
12.0
3.0
8.0
10.0
14.0
4.0
3.0
11.0
3.0
12.0
9.0
14.0
4.0
6.0
13.0
7.0
11.0
14.0
15.0
12.0
4.0
VALOR
9.0
9.0
9.0
11.0
9.0
9.0
9.0
15.0
12.0
11.0
9.0
10.0
9.0
9.0
9.0
13.0
9.0
13.0
9.0
15.0
11.0
15.0
11.0
14.0
9.0
9.0
13.0
9.0
14.0
12.0
9.0
14.0
9.0
9.0
14.0
9.0
11.0
9.0
9.0
11.0
9.0
9.0
9.0
11.0
14.0
12.0
12.0
14.0
9.0
15.0
12.0
9.0
13.0
9.0
9.0
11.0
9.0
9.0
9.0
9.0
14.0
9.0
13.0
9.0
9.0
9.0
10.0
15.0
9.0
9.0
14.0
13.0
9.0
9.0
13.0
9.0
13.0
9.0
15.0
9.0
9.0
13.0
9.0
15.0
10.0
13.0
11.0
9.0
ESTRES
0.445610887
0.413981445
0.49378053
0.473795548
0.398833518
0.421919433
0.370162695
0.358343174
0.404585355
0.422537524
0.392085314
0.418640624
0.495012752
0.403822887
0.445154177
0.363585117
0.498534319
0.443106131
0.499045298
0.392018531
0.417162153
0.462551327
0.375766301
0.487025259
0.362254102
0.356719787
0.490443133
0.386788432
0.387218971
0.439387482
0.413945314
0.486620169
0.395405779
0.457441851
0.354606371
0.418823146
0.357844584
0.497009505
0.45932574
0.405319032
0.491925309
0.399714923
0.416270571
0.48730505
0.460482248
0.468117028
0.473276881
0.488190595
0.371604975
0.377767733
0.414996705
0.369763557
0.486919875
0.405415451
0.443503762
0.414810499
0.426483741
0.441957852
0.367273771
0.392771344
0.3820669
0.448312395
0.454047428
0.382681941
0.445136152
0.358415987
0.467777411
0.438824444
0.416508757
0.351966929
0.467571696
0.400601316
0.429159381
0.375541045
0.45621668
0.428213277
0.45125265
0.474070406
0.424608787
0.414043022
0.412158976
0.431182799
0.477669215
0.479488647
0.368734968
0.445016974
0.406088465
0.385112037
