Valor Objetivo:678.0
Runtime:900.9903392791748
Gap:0.008849557522123894
1_1_1_1_26_1.0
3_1_1_1_61_1.0
4_1_1_1_78_1.0
5_1_1_1_42_1.0
6_1_1_1_20_1.0
7_1_1_1_3_1.0
8_1_1_1_60_1.0
9_1_1_1_53_1.0
10_1_1_1_71_1.0
score_s_1_1_1_88.0
12_2_1_1_87_1.0
14_2_1_1_77_1.0
15_2_1_1_75_1.0
16_2_1_1_10_1.0
17_2_1_1_14_1.0
20_2_1_1_66_1.0
21_2_1_1_33_1.0
22_2_1_1_46_1.0
score_s_2_1_1_84.0
24_3_2_1_24_1.0
25_3_2_1_50_1.0
26_3_2_1_76_1.0
27_3_2_1_8_1.0
29_3_2_1_27_1.0
30_3_2_1_23_1.0
31_3_2_1_31_1.0
32_3_2_1_83_1.0
33_3_2_1_4_1.0
score_s_3_2_1_90.0
34_4_2_1_63_1.0
35_4_2_1_56_1.0
36_4_2_1_15_1.0
38_4_2_1_30_1.0
39_4_2_1_57_1.0
42_4_2_1_39_1.0
44_4_2_1_6_1.0
score_s_4_2_1_81.0
46_5_3_2_40_1.0
49_5_3_2_85_1.0
50_5_3_2_12_1.0
51_5_3_2_74_1.0
53_5_3_2_5_1.0
54_5_3_2_22_1.0
score_s_5_3_2_71.0
56_6_3_2_11_1.0
57_6_3_2_17_1.0
59_6_3_2_49_1.0
60_6_3_2_54_1.0
61_6_3_2_47_1.0
62_6_3_2_13_1.0
63_6_3_2_36_1.0
65_6_3_2_68_1.0
66_6_3_2_64_1.0
score_s_6_3_2_89.0
67_7_4_2_69_1.0
69_7_4_2_2_1.0
70_7_4_2_21_1.0
71_7_4_2_18_1.0
72_7_4_2_88_1.0
73_7_4_2_34_1.0
74_7_4_2_38_1.0
76_7_4_2_67_1.0
77_7_4_2_70_1.0
score_s_7_4_2_97.0
78_8_4_2_65_1.0
79_8_4_2_41_1.0
80_8_4_2_73_1.0
82_8_4_2_32_1.0
83_8_4_2_1_1.0
86_8_4_2_44_1.0
88_8_4_2_48_1.0
score_s_8_4_2_78.0
DURACION
7.0
3.0
9.0
15.0
7.0
8.0
9.0
10.0
12.0
15.0
5.0
11.0
4.0
5.0
6.0
9.0
6.0
11.0
6.0
14.0
9.0
15.0
13.0
13.0
6.0
9.0
9.0
9.0
13.0
12.0
3.0
15.0
3.0
8.0
11.0
7.0
13.0
9.0
4.0
10.0
3.0
9.0
6.0
9.0
10.0
12.0
10.0
10.0
9.0
15.0
14.0
7.0
15.0
5.0
9.0
11.0
9.0
6.0
3.0
9.0
9.0
6.0
15.0
5.0
3.0
4.0
9.0
12.0
3.0
8.0
10.0
14.0
4.0
3.0
11.0
3.0
12.0
9.0
14.0
4.0
6.0
13.0
7.0
11.0
14.0
15.0
12.0
4.0
VALOR
9.0
9.0
9.0
11.0
9.0
9.0
9.0
15.0
12.0
11.0
9.0
10.0
9.0
9.0
9.0
13.0
9.0
13.0
9.0
15.0
11.0
15.0
11.0
14.0
9.0
9.0
13.0
9.0
14.0
12.0
9.0
14.0
9.0
9.0
14.0
9.0
11.0
9.0
9.0
11.0
9.0
9.0
9.0
11.0
14.0
12.0
12.0
14.0
9.0
15.0
12.0
9.0
13.0
9.0
9.0
11.0
9.0
9.0
9.0
9.0
14.0
9.0
13.0
9.0
9.0
9.0
10.0
15.0
9.0
9.0
14.0
13.0
9.0
9.0
13.0
9.0
13.0
9.0
15.0
9.0
9.0
13.0
9.0
15.0
10.0
13.0
11.0
9.0
ESTRES
0.249637926
0.428850954
0.239958683
0.49705477
0.320198401
0.19864385
0.491408443
0.468871581
0.48061226
0.251516677
0.332718474
0.418573533
0.388065401
0.378968585
0.221691171
0.402388818
0.247472051
0.287527451
0.414537503
0.284332796
0.196389833
0.264576481
0.28097255
0.353958711
0.459312206
0.200911162
0.321742829
0.451010231
0.426882463
0.190001373
0.314599374
0.1751331
0.361954867
0.294686445
0.426092957
0.210371783
0.402035041
0.246520463
0.173569354
0.237500806
0.221384141
0.204809831
0.40443597
0.241408127
0.499103092
0.260026457
0.271123283
0.198777857
0.340575068
0.259430044
0.401496973
0.492883229
0.331520739
0.27599761
0.341079851
0.237696324
0.169023606
0.406422955
0.482161526
0.228427181
0.34796065
0.43130619
0.23175247
0.193022939
0.283460946
0.347103918
0.333792562
0.249459069
0.197170352
0.265741174
0.2966498
0.407171949
0.185426257
0.348965355
0.251463794
0.321075363
0.299534198
0.339097809
0.458583358
0.409960245
0.396694325
0.418941386
0.345902767
0.496476528
0.215022128
0.416229002
0.284848441
0.290804125
