Valor Objetivo:572.0
Runtime:901.2256546020508
Gap:0.008741258741258742
1_1_1_1_42_1.0
3_1_1_1_67_1.0
4_1_1_1_87_1.0
5_1_1_1_78_1.0
6_1_1_1_77_1.0
9_1_1_1_34_1.0
10_1_1_1_56_1.0
score_s_1_1_1_70.0
14_2_1_1_60_1.0
15_2_1_1_74_1.0
16_2_1_1_12_1.0
17_2_1_1_7_1.0
20_2_1_1_13_1.0
21_2_1_1_14_1.0
22_2_1_1_40_1.0
score_s_2_1_1_75.0
24_3_2_1_17_1.0
25_3_2_1_84_1.0
26_3_2_1_85_1.0
27_3_2_1_54_1.0
30_3_2_1_9_1.0
31_3_2_1_25_1.0
32_3_2_1_50_1.0
33_3_2_1_8_1.0
score_s_3_2_1_81.0
34_4_2_1_15_1.0
35_4_2_1_10_1.0
36_4_2_1_21_1.0
37_4_2_1_2_1.0
38_4_2_1_51_1.0
44_4_2_1_4_1.0
score_s_4_2_1_69.0
46_5_3_2_58_1.0
49_5_3_2_61_1.0
50_5_3_2_45_1.0
51_5_3_2_80_1.0
53_5_3_2_33_1.0
score_s_5_3_2_60.0
56_6_3_2_16_1.0
57_6_3_2_18_1.0
59_6_3_2_24_1.0
60_6_3_2_38_1.0
61_6_3_2_31_1.0
62_6_3_2_28_1.0
63_6_3_2_5_1.0
65_6_3_2_23_1.0
score_s_6_3_2_78.0
67_7_4_2_35_1.0
70_7_4_2_3_1.0
71_7_4_2_20_1.0
72_7_4_2_27_1.0
73_7_4_2_63_1.0
74_7_4_2_6_1.0
76_7_4_2_1_1.0
77_7_4_2_70_1.0
score_s_7_4_2_82.0
78_8_4_2_29_1.0
79_8_4_2_19_1.0
80_8_4_2_11_1.0
86_8_4_2_37_1.0
88_8_4_2_76_1.0
score_s_8_4_2_57.0
DURACION
7.0
3.0
9.0
15.0
7.0
8.0
9.0
10.0
12.0
15.0
5.0
11.0
4.0
5.0
6.0
9.0
6.0
11.0
6.0
14.0
9.0
15.0
13.0
13.0
6.0
9.0
9.0
9.0
13.0
12.0
3.0
15.0
3.0
8.0
11.0
7.0
13.0
9.0
4.0
10.0
3.0
9.0
6.0
9.0
10.0
12.0
10.0
10.0
9.0
15.0
14.0
7.0
15.0
5.0
9.0
11.0
9.0
6.0
3.0
9.0
9.0
6.0
15.0
5.0
3.0
4.0
9.0
12.0
3.0
8.0
10.0
14.0
4.0
3.0
11.0
3.0
12.0
9.0
14.0
4.0
6.0
13.0
7.0
11.0
14.0
15.0
12.0
4.0
VALOR
9.0
9.0
9.0
11.0
9.0
9.0
9.0
15.0
12.0
11.0
9.0
10.0
9.0
9.0
9.0
13.0
9.0
13.0
9.0
15.0
11.0
15.0
11.0
14.0
9.0
9.0
13.0
9.0
14.0
12.0
9.0
14.0
9.0
9.0
14.0
9.0
11.0
9.0
9.0
11.0
9.0
9.0
9.0
11.0
14.0
12.0
12.0
14.0
9.0
15.0
12.0
9.0
13.0
9.0
9.0
11.0
9.0
9.0
9.0
9.0
14.0
9.0
13.0
9.0
9.0
9.0
10.0
15.0
9.0
9.0
14.0
13.0
9.0
9.0
13.0
9.0
13.0
9.0
15.0
9.0
9.0
13.0
9.0
15.0
10.0
13.0
11.0
9.0
ESTRES
0.09367934
0.036590539
0.092581742
0.265620127
0.017330616
0.269400196
0.488655675
0.2086134
0.12164261
0.230391426
0.056597237
0.040468089
0.350835139
0.333942053
0.297020914
0.260993576
0.282122285
0.096551153
0.249796339
0.116479691
0.062520348
0.403697056
0.105539771
0.273259993
0.084305853
0.334390235
0.230768269
0.246174746
0.236721353
0.363805091
0.106858868
0.492662119
0.088539493
0.267114288
0.126563618
0.303100843
0.199638727
0.140627661
0.447880979
0.050856533
0.287987717
0.08351524
0.39611147
0.26793744
0.053133252
0.291968199
0.265039666
0.270665419
0.28546021
0.178719662
0.097959519
0.325681755
0.394436248
0.158853346
0.445426031
0.197408514
0.304842442
0.045048915
0.323487577
0.141464508
0.032853507
0.4722616
0.070658746
0.469308652
0.247606253
0.239907785
0.223356951
0.255233228
0.317842492
0.081092826
0.484912505
0.218592432
0.442463768
0.021955895
0.248627458
0.093788359
0.135668433
0.114088322
0.282554495
0.204944269
0.492739048
0.366768455
0.339904687
0.03942141
0.061559935
0.234787492
0.193720524
0.440367803
