Valor Objetivo:700.0000015443039
Runtime:532.7583906650543
Gap:0.0
1_1_1_1_66_1.0
3_1_1_1_67_1.0
4_1_1_1_23_1.0
5_1_1_1_53_1.0
6_1_1_1_70_1.0
7_1_1_1_3_1.0
8_1_1_1_58_1.0
9_1_1_1_40_1.0
10_1_1_1_27_1.0
score_s_1_1_1_88.0
14_2_1_1_45_1.0
15_2_1_1_60_1.0
16_2_1_1_37_1.0
17_2_1_1_16_1.0
18_2_1_1_88_1.0
20_2_1_1_9_1.0
21_2_1_1_19_1.0
22_2_1_1_83_1.0
score_s_2_1_1_89.0
24_3_2_1_13_1.0
25_3_2_1_5_1.0
26_3_2_1_62_1.0
27_3_2_1_4_1.0
28_3_2_1_86_1.0
29_3_2_1_68_1.0
30_3_2_1_55_1.0
31_3_2_1_57_1.0
32_3_2_1_49_1.0
33_3_2_1_8_1.0
score_s_3_2_1_99.0
34_4_2_1_33_1.0
35_4_2_1_72_1.0
36_4_2_1_44_1.0
37_4_2_1_2_1.0
38_4_2_1_74_1.0
42_4_2_1_69_1.0
44_4_2_1_28_1.0
score_s_4_2_1_81.0
46_5_3_2_59_1.0
48_5_3_2_31_1.0
49_5_3_2_47_1.0
51_5_3_2_56_1.0
53_5_3_2_61_1.0
54_5_3_2_54_1.0
55_5_3_2_73_1.0
score_s_5_3_2_77.0
56_6_3_2_21_1.0
57_6_3_2_43_1.0
59_6_3_2_7_1.0
60_6_3_2_26_1.0
61_6_3_2_25_1.0
62_6_3_2_52_1.0
63_6_3_2_14_1.0
65_6_3_2_15_1.0
66_6_3_2_36_1.0
score_s_6_3_2_89.0
67_7_4_2_41_1.0
69_7_4_2_1_1.0
71_7_4_2_22_1.0
72_7_4_2_87_1.0
73_7_4_2_20_1.0
74_7_4_2_18_1.0
75_7_4_2_11_1.0
76_7_4_2_42_1.0
77_7_4_2_63_1.0
score_s_7_4_2_98.0
78_8_4_2_51_1.0
79_8_4_2_75_1.0
80_8_4_2_38_1.0
83_8_4_2_79_1.0
85_8_4_2_6_1.0
86_8_4_2_76_1.0
88_8_4_2_81_1.0
score_s_8_4_2_79.0
DURACION
7.0
3.0
9.0
15.0
7.0
8.0
9.0
10.0
12.0
15.0
5.0
11.0
4.0
5.0
6.0
9.0
6.0
11.0
6.0
14.0
9.0
15.0
13.0
13.0
6.0
9.0
9.0
9.0
13.0
12.0
3.0
15.0
3.0
8.0
11.0
7.0
13.0
9.0
4.0
10.0
3.0
9.0
6.0
9.0
10.0
12.0
10.0
10.0
9.0
15.0
14.0
7.0
15.0
5.0
9.0
11.0
9.0
6.0
3.0
9.0
9.0
6.0
15.0
5.0
3.0
4.0
9.0
12.0
3.0
8.0
10.0
14.0
4.0
3.0
11.0
3.0
12.0
9.0
14.0
4.0
6.0
13.0
7.0
11.0
14.0
15.0
12.0
4.0
VALOR
9.0
9.0
9.0
11.0
9.0
9.0
9.0
15.0
12.0
11.0
9.0
10.0
9.0
9.0
9.0
13.0
9.0
13.0
9.0
15.0
11.0
15.0
11.0
14.0
9.0
9.0
13.0
9.0
14.0
12.0
9.0
14.0
9.0
9.0
14.0
9.0
11.0
9.0
9.0
11.0
9.0
9.0
9.0
11.0
14.0
12.0
12.0
14.0
9.0
15.0
12.0
9.0
13.0
9.0
9.0
11.0
9.0
9.0
9.0
9.0
14.0
9.0
13.0
9.0
9.0
9.0
10.0
15.0
9.0
9.0
14.0
13.0
9.0
9.0
13.0
9.0
13.0
9.0
15.0
9.0
9.0
13.0
9.0
15.0
10.0
13.0
11.0
9.0
ESTRES
0.243961565
0.234980819
0.274582598
0.304222278
0.198291984
0.169864774
0.301001236
0.216480762
0.280251429
0.331486228
0.171441313
0.332142408
0.255231153
0.242503712
0.261451151
0.254946916
0.289054189
0.246822811
0.267699781
0.26548794
0.27003111
0.24048692
0.275106935
0.317038448
0.254384413
0.264425918
0.264857924
0.202529852
0.294726029
0.336342665
0.219022728
0.336254792
0.239972393
0.291197189
0.295079418
0.230711545
0.202827081
0.161508101
0.299535705
0.265879262
0.210434667
0.271266872
0.247473034
0.215907014
0.234123798
0.316066285
0.169392101
0.330818164
0.250111277
0.318676538
0.185664002
0.276620222
0.240906277
0.202691159
0.202659014
0.245209228
0.234233595
0.248106322
0.183660257
0.197969246
0.195971301
0.236725281
0.242380522
0.2801426
0.295981491
0.240085513
0.273419672
0.231990701
0.173866703
0.255438301
0.31508077
0.231409172
0.219675448
0.229606117
0.197123046
0.204433916
0.293978797
0.313922799
0.185258416
0.299516876
0.193836254
0.281775921
0.231275894
0.278303336
0.326625148
0.208974488
0.244505138
0.177721427
