Valor Objetivo:643.0
Runtime:901.3556914329529
Gap:0.00933125972006221
1_1_1_1_7_1.0
3_1_1_1_54_1.0
4_1_1_1_66_1.0
5_1_1_1_25_1.0
6_1_1_1_51_1.0
8_1_1_1_53_1.0
9_1_1_1_43_1.0
10_1_1_1_39_1.0
score_s_1_1_1_79.0
12_2_1_1_36_1.0
14_2_1_1_34_1.0
15_2_1_1_29_1.0
16_2_1_1_13_1.0
17_2_1_1_31_1.0
20_2_1_1_45_1.0
21_2_1_1_47_1.0
22_2_1_1_21_1.0
score_s_2_1_1_84.0
24_3_2_1_41_1.0
25_3_2_1_28_1.0
26_3_2_1_46_1.0
27_3_2_1_38_1.0
29_3_2_1_40_1.0
30_3_2_1_24_1.0
31_3_2_1_30_1.0
32_3_2_1_57_1.0
33_3_2_1_3_1.0
score_s_3_2_1_90.0
34_4_2_1_55_1.0
36_4_2_1_16_1.0
38_4_2_1_8_1.0
39_4_2_1_23_1.0
43_4_2_1_14_1.0
44_4_2_1_15_1.0
score_s_4_2_1_73.0
46_5_3_2_27_1.0
49_5_3_2_11_1.0
50_5_3_2_20_1.0
51_5_3_2_68_1.0
53_5_3_2_10_1.0
54_5_3_2_33_1.0
score_s_5_3_2_71.0
56_6_3_2_52_1.0
57_6_3_2_22_1.0
59_6_3_2_49_1.0
60_6_3_2_50_1.0
61_6_3_2_32_1.0
62_6_3_2_59_1.0
63_6_3_2_5_1.0
66_6_3_2_9_1.0
score_s_6_3_2_80.0
67_7_4_2_1_1.0
69_7_4_2_2_1.0
70_7_4_2_26_1.0
71_7_4_2_19_1.0
72_7_4_2_42_1.0
73_7_4_2_37_1.0
75_7_4_2_17_1.0
76_7_4_2_48_1.0
score_s_7_4_2_94.0
78_8_4_2_35_1.0
79_8_4_2_4_1.0
80_8_4_2_6_1.0
84_8_4_2_12_1.0
86_8_4_2_56_1.0
88_8_4_2_18_1.0
score_s_8_4_2_72.0
DURACION
7.0
3.0
9.0
15.0
7.0
8.0
9.0
10.0
12.0
15.0
5.0
11.0
4.0
5.0
6.0
9.0
6.0
11.0
6.0
14.0
9.0
15.0
13.0
13.0
6.0
9.0
9.0
9.0
13.0
12.0
3.0
15.0
3.0
8.0
11.0
7.0
13.0
9.0
4.0
10.0
3.0
9.0
6.0
9.0
10.0
12.0
10.0
10.0
9.0
15.0
14.0
7.0
15.0
5.0
9.0
11.0
9.0
6.0
3.0
9.0
9.0
6.0
15.0
5.0
3.0
4.0
9.0
12.0
3.0
8.0
10.0
14.0
4.0
3.0
11.0
3.0
12.0
9.0
14.0
4.0
6.0
13.0
7.0
11.0
14.0
15.0
12.0
4.0
VALOR
9.0
9.0
9.0
11.0
9.0
9.0
9.0
15.0
12.0
11.0
9.0
10.0
9.0
9.0
9.0
13.0
9.0
13.0
9.0
15.0
11.0
15.0
11.0
14.0
9.0
9.0
13.0
9.0
14.0
12.0
9.0
14.0
9.0
9.0
14.0
9.0
11.0
9.0
9.0
11.0
9.0
9.0
9.0
11.0
14.0
12.0
12.0
14.0
9.0
15.0
12.0
9.0
13.0
9.0
9.0
11.0
9.0
9.0
9.0
9.0
14.0
9.0
13.0
9.0
9.0
9.0
10.0
15.0
9.0
9.0
14.0
13.0
9.0
9.0
13.0
9.0
13.0
9.0
15.0
9.0
9.0
13.0
9.0
15.0
10.0
13.0
11.0
9.0
ESTRES
0.069702123
0.098695121
0.147722875
0.144349508
0.123084376
0.013104192
0.113691737
0.141358762
0.089112322
0.117610224
0.026991688
0.024267512
0.016674821
0.090950887
0.099606915
0.11594513
0.015453581
0.057827969
0.14031003
0.046259365
0.100522699
0.139444509
0.020234789
0.081168901
0.072416148
0.036862462
0.043268617
0.076692866
0.043529562
0.228277136
0.275327268
0.218778201
0.196217638
0.205731683
0.201379241
0.192288117
0.224725022
0.295295779
0.2989077
0.212891523
0.290597208
0.224306636
0.293195205
0.307916624
0.314762939
0.251536169
0.306977405
0.306569963
0.256846881
0.214390611
0.258279911
0.275029805
0.188575562
0.329432297
0.325486574
0.164824922
0.292956096
0.314673054
0.306335961
0.41855223
0.490080991
0.375546162
0.434283518
0.387461908
0.398736981
0.351717986
0.493192079
0.353634243
0.384054929
0.424975366
0.365455298
0.367275766
0.377004846
0.441587283
0.407272408
0.440205596
0.367729411
0.468921493
0.454283595
0.426827083
0.402616481
0.476503863
0.435757613
0.41788757
0.373365151
0.488312519
0.402344127
0.369458406
