Valor Objetivo:538.0
Runtime:900.7014169692993
Gap:0.0037174721189591076
2_1_1_1_86_1.0
5_1_1_1_62_1.0
6_1_1_1_11_1.0
10_1_1_1_64_1.0
11_1_1_1_68_1.0
score_s_1_1_1_60.0
14_2_1_1_32_1.0
15_2_1_1_74_1.0
17_2_1_1_36_1.0
19_2_1_1_71_1.0
20_2_1_1_37_1.0
22_2_1_1_45_1.0
score_s_2_1_1_64.0
24_3_2_1_83_1.0
25_3_2_1_72_1.0
26_3_2_1_67_1.0
29_3_2_1_2_1.0
33_3_2_1_3_1.0
score_s_3_2_1_67.0
35_4_2_1_5_1.0
36_4_2_1_88_1.0
37_4_2_1_30_1.0
41_4_2_1_82_1.0
42_4_2_1_76_1.0
44_4_2_1_6_1.0
score_s_4_2_1_65.0
47_5_3_2_80_1.0
49_5_3_2_79_1.0
52_5_3_2_75_1.0
53_5_3_2_39_1.0
54_5_3_2_65_1.0
55_5_3_2_41_1.0
score_s_5_3_2_70.0
56_6_3_2_81_1.0
58_6_3_2_1_1.0
60_6_3_2_8_1.0
61_6_3_2_4_1.0
64_6_3_2_85_1.0
66_6_3_2_60_1.0
score_s_6_3_2_72.0
67_7_4_2_77_1.0
70_7_4_2_78_1.0
71_7_4_2_63_1.0
72_7_4_2_84_1.0
75_7_4_2_66_1.0
77_7_4_2_70_1.0
score_s_7_4_2_69.0
80_8_4_2_73_1.0
81_8_4_2_87_1.0
82_8_4_2_7_1.0
83_8_4_2_61_1.0
84_8_4_2_10_1.0
86_8_4_2_69_1.0
score_s_8_4_2_71.0
DURACION
8.0
6.0
14.0
9.0
12.0
11.0
3.0
10.0
13.0
7.0
15.0
14.0
8.0
12.0
12.0
6.0
15.0
5.0
11.0
10.0
9.0
5.0
13.0
15.0
3.0
9.0
4.0
12.0
7.0
5.0
13.0
10.0
13.0
6.0
3.0
12.0
10.0
15.0
12.0
10.0
8.0
7.0
11.0
4.0
12.0
3.0
11.0
7.0
9.0
9.0
15.0
14.0
13.0
15.0
11.0
12.0
8.0
6.0
12.0
13.0
13.0
13.0
10.0
8.0
15.0
10.0
5.0
13.0
9.0
8.0
14.0
13.0
14.0
11.0
10.0
14.0
13.0
12.0
13.0
13.0
12.0
9.0
9.0
4.0
12.0
10.0
3.0
4.0
VALOR
9.0
9.0
15.0
9.0
11.0
9.0
9.0
14.0
9.0
9.0
15.0
15.0
9.0
14.0
11.0
9.0
12.0
9.0
15.0
14.0
9.0
9.0
11.0
15.0
9.0
13.0
9.0
10.0
9.0
9.0
13.0
9.0
15.0
9.0
9.0
15.0
10.0
10.0
9.0
13.0
9.0
9.0
11.0
9.0
14.0
9.0
13.0
9.0
15.0
15.0
14.0
9.0
14.0
13.0
13.0
12.0
9.0
9.0
9.0
15.0
12.0
11.0
15.0
9.0
10.0
11.0
9.0
15.0
9.0
9.0
9.0
10.0
9.0
10.0
14.0
15.0
15.0
10.0
14.0
9.0
14.0
9.0
9.0
9.0
10.0
13.0
9.0
9.0
ESTRES
0.379281706
0.415369034
0.436191434
0.394680244
0.455437398
0.488063096
0.35104891
0.482764464
0.467961993
0.3899042
0.354426741
0.490295297
0.443438493
0.494907563
0.371290033
0.368647833
0.478550665
0.392364263
0.486770226
0.469081688
0.370030742
0.374934472
0.472557862
0.456528373
0.48853276
0.467153151
0.356310932
0.466462861
0.3798016
0.250954154
0.260113447
0.190636876
0.245204901
0.335654423
0.329685016
0.211324544
0.217185159
0.330482659
0.187184238
0.336722955
0.170028611
0.327563361
0.21147882
0.249568289
0.200587662
0.263669733
0.324502398
0.29696368
0.304170344
0.207251325
0.310648894
0.238881423
0.268739242
0.293794353
0.213601884
0.217336829
0.259148336
0.265643216
0.228568901
0.07511874
0.075669795
0.124809431
0.134917229
0.034364163
0.016266519
0.025022596
0.04900791
0.11861336
0.125899241
0.107243137
0.113707787
0.033320816
0.034711691
0.123568717
0.022955707
0.112835804
0.029027929
0.087459628
0.086732065
0.142673144
0.078277252
0.101537288
0.131862242
0.039271425
0.101381774
0.078196028
0.069123866
0.140604145
