Valor Objetivo:711.0
Runtime:900.6043848991394
Gap:0.0028129395218002813
2_1_1_1_11_1.0
4_1_1_1_41_1.0
5_1_1_1_56_1.0
6_1_1_1_55_1.0
7_1_1_1_36_1.0
10_1_1_1_20_1.0
11_1_1_1_52_1.0
score_s_1_1_1_79.0
13_2_1_1_43_1.0
14_2_1_1_44_1.0
15_2_1_1_1_1.0
16_2_1_1_2_1.0
17_2_1_1_39_1.0
19_2_1_1_40_1.0
20_2_1_1_53_1.0
22_2_1_1_49_1.0
score_s_2_1_1_84.0
23_3_2_1_7_1.0
24_3_2_1_30_1.0
25_3_2_1_59_1.0
26_3_2_1_8_1.0
27_3_2_1_51_1.0
29_3_2_1_17_1.0
33_3_2_1_22_1.0
score_s_3_2_1_90.0
34_4_2_1_6_1.0
35_4_2_1_19_1.0
36_4_2_1_47_1.0
37_4_2_1_48_1.0
38_4_2_1_25_1.0
41_4_2_1_9_1.0
42_4_2_1_33_1.0
44_4_2_1_50_1.0
score_s_4_2_1_90.0
46_5_3_2_14_1.0
47_5_3_2_68_1.0
49_5_3_2_54_1.0
50_5_3_2_32_1.0
52_5_3_2_29_1.0
53_5_3_2_58_1.0
54_5_3_2_15_1.0
55_5_3_2_45_1.0
score_s_5_3_2_91.0
56_6_3_2_3_1.0
58_6_3_2_26_1.0
60_6_3_2_61_1.0
62_6_3_2_21_1.0
63_6_3_2_5_1.0
64_6_3_2_37_1.0
66_6_3_2_23_1.0
score_s_6_3_2_89.0
67_7_4_2_27_1.0
69_7_4_2_42_1.0
70_7_4_2_31_1.0
71_7_4_2_38_1.0
72_7_4_2_18_1.0
74_7_4_2_28_1.0
75_7_4_2_12_1.0
77_7_4_2_35_1.0
score_s_7_4_2_93.0
78_8_4_2_57_1.0
79_8_4_2_24_1.0
80_8_4_2_10_1.0
81_8_4_2_13_1.0
82_8_4_2_16_1.0
83_8_4_2_4_1.0
84_8_4_2_46_1.0
86_8_4_2_34_1.0
score_s_8_4_2_95.0
DURACION
8.0
6.0
14.0
9.0
12.0
11.0
3.0
10.0
13.0
7.0
15.0
14.0
8.0
12.0
12.0
6.0
15.0
5.0
11.0
10.0
9.0
5.0
13.0
15.0
3.0
9.0
4.0
12.0
7.0
5.0
13.0
10.0
13.0
6.0
3.0
12.0
10.0
15.0
12.0
10.0
8.0
7.0
11.0
4.0
12.0
3.0
11.0
7.0
9.0
9.0
15.0
14.0
13.0
15.0
11.0
12.0
8.0
6.0
12.0
13.0
13.0
13.0
10.0
8.0
15.0
10.0
5.0
13.0
9.0
8.0
14.0
13.0
14.0
11.0
10.0
14.0
13.0
12.0
13.0
13.0
12.0
9.0
9.0
4.0
12.0
10.0
3.0
4.0
VALOR
9.0
9.0
15.0
9.0
11.0
9.0
9.0
14.0
9.0
9.0
15.0
15.0
9.0
14.0
11.0
9.0
12.0
9.0
15.0
14.0
9.0
9.0
11.0
15.0
9.0
13.0
9.0
10.0
9.0
9.0
13.0
9.0
15.0
9.0
9.0
15.0
10.0
10.0
9.0
13.0
9.0
9.0
11.0
9.0
14.0
9.0
13.0
9.0
15.0
15.0
14.0
9.0
14.0
13.0
13.0
12.0
9.0
9.0
9.0
15.0
12.0
11.0
15.0
9.0
10.0
11.0
9.0
15.0
9.0
9.0
9.0
10.0
9.0
10.0
14.0
15.0
15.0
10.0
14.0
9.0
14.0
9.0
9.0
9.0
10.0
13.0
9.0
9.0
ESTRES
0.014061213
0.042966308
0.098813081
0.097146032
0.033340289
0.021971465
0.038540676
0.111792136
0.029784258
0.036883897
0.140583524
0.031145012
0.12292367
0.110909882
0.075032519
0.061823252
0.077901591
0.074608176
0.138750247
0.104679731
0.06107099
0.021195805
0.149977665
0.049998022
0.042950477
0.105141634
0.105785524
0.012248757
0.096308363
0.320064714
0.216939167
0.22780971
0.200964774
0.291756646
0.180960512
0.181029064
0.266539702
0.320233214
0.295457944
0.17287728
0.215388972
0.165130311
0.235402425
0.240643406
0.288015401
0.338689348
0.187435881
0.326335076
0.333437747
0.258514246
0.172777176
0.215226907
0.2901727
0.161772444
0.298343768
0.286474364
0.178116089
0.296869607
0.163262267
0.400283313
0.35357379
0.410250012
0.446712167
0.36827991
0.424592751
0.373412114
0.400671636
0.360370527
0.441431263
0.492098234
0.365700009
0.363712919
0.410398577
0.410967204
0.376790258
0.452497621
0.46915022
0.488522964
0.446125413
0.471586984
0.412448224
0.468825031
0.434719785
0.376515881
0.361396549
0.366379348
0.457978489
0.373995024
