Valor Objetivo:598.0
Runtime:900.6073660850525
Gap:0.0016722408026755853
2_1_1_1_5_1.0
5_1_1_1_77_1.0
6_1_1_1_49_1.0
7_1_1_1_25_1.0
10_1_1_1_2_1.0
11_1_1_1_31_1.0
score_s_1_1_1_70.0
13_2_1_1_81_1.0
14_2_1_1_37_1.0
15_2_1_1_83_1.0
17_2_1_1_21_1.0
19_2_1_1_40_1.0
20_2_1_1_28_1.0
22_2_1_1_67_1.0
score_s_2_1_1_73.0
23_3_2_1_19_1.0
24_3_2_1_61_1.0
25_3_2_1_10_1.0
27_3_2_1_39_1.0
28_3_2_1_26_1.0
29_3_2_1_27_1.0
score_s_3_2_1_71.0
34_4_2_1_16_1.0
35_4_2_1_13_1.0
36_4_2_1_33_1.0
37_4_2_1_56_1.0
38_4_2_1_6_1.0
42_4_2_1_22_1.0
44_4_2_1_7_1.0
score_s_4_2_1_75.0
47_5_3_2_74_1.0
49_5_3_2_15_1.0
50_5_3_2_30_1.0
52_5_3_2_4_1.0
53_5_3_2_17_1.0
54_5_3_2_8_1.0
55_5_3_2_44_1.0
score_s_5_3_2_79.0
56_6_3_2_80_1.0
58_6_3_2_34_1.0
60_6_3_2_53_1.0
63_6_3_2_73_1.0
64_6_3_2_12_1.0
66_6_3_2_69_1.0
score_s_6_3_2_75.0
67_7_4_2_3_1.0
69_7_4_2_9_1.0
70_7_4_2_70_1.0
71_7_4_2_23_1.0
72_7_4_2_11_1.0
75_7_4_2_1_1.0
77_7_4_2_20_1.0
score_s_7_4_2_78.0
79_8_4_2_42_1.0
80_8_4_2_29_1.0
81_8_4_2_43_1.0
82_8_4_2_14_1.0
84_8_4_2_18_1.0
86_8_4_2_24_1.0
score_s_8_4_2_77.0
DURACION
8.0
6.0
14.0
9.0
12.0
11.0
3.0
10.0
13.0
7.0
15.0
14.0
8.0
12.0
12.0
6.0
15.0
5.0
11.0
10.0
9.0
5.0
13.0
15.0
3.0
9.0
4.0
12.0
7.0
5.0
13.0
10.0
13.0
6.0
3.0
12.0
10.0
15.0
12.0
10.0
8.0
7.0
11.0
4.0
12.0
3.0
11.0
7.0
9.0
9.0
15.0
14.0
13.0
15.0
11.0
12.0
8.0
6.0
12.0
13.0
13.0
13.0
10.0
8.0
15.0
10.0
5.0
13.0
9.0
8.0
14.0
13.0
14.0
11.0
10.0
14.0
13.0
12.0
13.0
13.0
12.0
9.0
9.0
4.0
12.0
10.0
3.0
4.0
VALOR
9.0
9.0
15.0
9.0
11.0
9.0
9.0
14.0
9.0
9.0
15.0
15.0
9.0
14.0
11.0
9.0
12.0
9.0
15.0
14.0
9.0
9.0
11.0
15.0
9.0
13.0
9.0
10.0
9.0
9.0
13.0
9.0
15.0
9.0
9.0
15.0
10.0
10.0
9.0
13.0
9.0
9.0
11.0
9.0
14.0
9.0
13.0
9.0
15.0
15.0
14.0
9.0
14.0
13.0
13.0
12.0
9.0
9.0
9.0
15.0
12.0
11.0
15.0
9.0
10.0
11.0
9.0
15.0
9.0
9.0
9.0
10.0
9.0
10.0
14.0
15.0
15.0
10.0
14.0
9.0
14.0
9.0
9.0
9.0
10.0
13.0
9.0
9.0
ESTRES
0.487640876
0.359850595
0.398780814
0.350256705
0.441156069
0.389947124
0.472763744
0.386156095
0.422280414
0.406264929
0.386244619
0.480625359
0.370543286
0.423863716
0.388318868
0.350591706
0.434248266
0.467223304
0.37817315
0.412206636
0.461025417
0.382129247
0.425728822
0.438437993
0.366167831
0.388207368
0.350305575
0.40412871
0.374868394
0.39801666
0.359016653
0.481676686
0.400105723
0.368337318
0.499453405
0.478733997
0.415344426
0.455457533
0.37430859
0.410546611
0.490684385
0.357217182
0.383997395
0.389621631
0.441107621
0.44520057
0.436577397
0.493043414
0.38368727
0.454975827
0.435202762
0.461940106
0.405494254
0.422553414
0.437175013
0.389393703
0.42728268
0.47992519
0.475843368
0.499240974
0.394841747
0.456122684
0.438931645
0.469208102
0.48342737
0.483074725
0.415435459
0.495529608
0.353448517
0.359339001
0.497756071
0.481472589
0.351016265
0.391326231
0.470910532
0.450973283
0.355950517
0.461337969
0.442742433
0.370907162
0.400684372
0.493232591
0.389579122
0.460568209
0.419932106
0.417336008
0.411577094
0.47915633
