Valor Objetivo:675.0
Runtime:519.7661855220795
Gap:0.0
2_1_1_1_32_1.0
4_1_1_1_29_1.0
5_1_1_1_37_1.0
6_1_1_1_64_1.0
7_1_1_1_18_1.0
10_1_1_1_56_1.0
11_1_1_1_14_1.0
score_s_1_1_1_79.0
13_2_1_1_50_1.0
14_2_1_1_60_1.0
15_2_1_1_13_1.0
16_2_1_1_36_1.0
17_2_1_1_87_1.0
19_2_1_1_26_1.0
20_2_1_1_71_1.0
22_2_1_1_45_1.0
score_s_2_1_1_84.0
23_3_2_1_31_1.0
24_3_2_1_38_1.0
25_3_2_1_6_1.0
26_3_2_1_15_1.0
27_3_2_1_82_1.0
28_3_2_1_2_1.0
29_3_2_1_27_1.0
score_s_3_2_1_84.0
34_4_2_1_57_1.0
35_4_2_1_55_1.0
36_4_2_1_66_1.0
37_4_2_1_52_1.0
38_4_2_1_41_1.0
41_4_2_1_53_1.0
44_4_2_1_21_1.0
score_s_4_2_1_81.0
46_5_3_2_79_1.0
47_5_3_2_81_1.0
49_5_3_2_67_1.0
50_5_3_2_28_1.0
52_5_3_2_58_1.0
53_5_3_2_74_1.0
54_5_3_2_85_1.0
55_5_3_2_11_1.0
score_s_5_3_2_91.0
56_6_3_2_16_1.0
58_6_3_2_3_1.0
60_6_3_2_46_1.0
61_6_3_2_83_1.0
63_6_3_2_4_1.0
64_6_3_2_49_1.0
66_6_3_2_70_1.0
score_s_6_3_2_86.0
67_7_4_2_1_1.0
70_7_4_2_5_1.0
71_7_4_2_22_1.0
72_7_4_2_34_1.0
74_7_4_2_59_1.0
75_7_4_2_68_1.0
77_7_4_2_10_1.0
score_s_7_4_2_84.0
79_8_4_2_20_1.0
80_8_4_2_86_1.0
81_8_4_2_51_1.0
82_8_4_2_30_1.0
83_8_4_2_75_1.0
84_8_4_2_47_1.0
86_8_4_2_61_1.0
score_s_8_4_2_86.0
DURACION
8.0
6.0
14.0
9.0
12.0
11.0
3.0
10.0
13.0
7.0
15.0
14.0
8.0
12.0
12.0
6.0
15.0
5.0
11.0
10.0
9.0
5.0
13.0
15.0
3.0
9.0
4.0
12.0
7.0
5.0
13.0
10.0
13.0
6.0
3.0
12.0
10.0
15.0
12.0
10.0
8.0
7.0
11.0
4.0
12.0
3.0
11.0
7.0
9.0
9.0
15.0
14.0
13.0
15.0
11.0
12.0
8.0
6.0
12.0
13.0
13.0
13.0
10.0
8.0
15.0
10.0
5.0
13.0
9.0
8.0
14.0
13.0
14.0
11.0
10.0
14.0
13.0
12.0
13.0
13.0
12.0
9.0
9.0
4.0
12.0
10.0
3.0
4.0
VALOR
9.0
9.0
15.0
9.0
11.0
9.0
9.0
14.0
9.0
9.0
15.0
15.0
9.0
14.0
11.0
9.0
12.0
9.0
15.0
14.0
9.0
9.0
11.0
15.0
9.0
13.0
9.0
10.0
9.0
9.0
13.0
9.0
15.0
9.0
9.0
15.0
10.0
10.0
9.0
13.0
9.0
9.0
11.0
9.0
14.0
9.0
13.0
9.0
15.0
15.0
14.0
9.0
14.0
13.0
13.0
12.0
9.0
9.0
9.0
15.0
12.0
11.0
15.0
9.0
10.0
11.0
9.0
15.0
9.0
9.0
9.0
10.0
9.0
10.0
14.0
15.0
15.0
10.0
14.0
9.0
14.0
9.0
9.0
9.0
10.0
13.0
9.0
9.0
ESTRES
0.247215561
0.20201347
0.222934788
0.185740878
0.270696316
0.167284675
0.337815268
0.327329825
0.309563961
0.249677723
0.171980626
0.306757705
0.193517056
0.201630785
0.180660855
0.23069886
0.312491922
0.202979376
0.317988359
0.236812661
0.262398014
0.272362177
0.302212665
0.317726393
0.311941323
0.198947354
0.177299458
0.183899872
0.18394465
0.255999754
0.175859573
0.176519716
0.323211016
0.218813113
0.329078128
0.19068182
0.207625869
0.243090846
0.334371088
0.296518737
0.220691847
0.32849829
0.336496392
0.28526927
0.271908548
0.269607504
0.265126425
0.297557625
0.238107567
0.23479448
0.250055655
0.275216649
0.186255473
0.286458502
0.225410797
0.182352642
0.220593098
0.162484
0.189464389
0.235549258
0.269842738
0.311036231
0.31987751
0.236836099
0.296019276
0.264845115
0.177551972
0.19858119
0.300330857
0.225546955
0.247409991
0.287444254
0.292596383
0.184762094
0.257913238
0.292024911
0.297993938
0.318298564
0.168244451
0.274396272
0.231565889
0.225414439
0.227287387
0.294549706
0.17651117
0.238139628
0.25172677
0.322441925
