Valor Objetivo:524.0
Runtime:900.569365978241
Gap:0.0019083969465648854
2_1_1_1_7_1.0
5_1_1_1_43_1.0
6_1_1_1_64_1.0
10_1_1_1_4_1.0
11_1_1_1_31_1.0
score_s_1_1_1_60.0
13_2_1_1_12_1.0
15_2_1_1_21_1.0
17_2_1_1_53_1.0
19_2_1_1_23_1.0
20_2_1_1_54_1.0
22_2_1_1_35_1.0
score_s_2_1_1_64.0
23_3_2_1_5_1.0
24_3_2_1_71_1.0
25_3_2_1_11_1.0
26_3_2_1_8_1.0
29_3_2_1_3_1.0
score_s_3_2_1_66.0
35_4_2_1_33_1.0
36_4_2_1_41_1.0
37_4_2_1_65_1.0
38_4_2_1_10_1.0
42_4_2_1_25_1.0
44_4_2_1_24_1.0
score_s_4_2_1_63.0
47_5_3_2_28_1.0
49_5_3_2_29_1.0
50_5_3_2_37_1.0
52_5_3_2_20_1.0
53_5_3_2_40_1.0
55_5_3_2_47_1.0
score_s_5_3_2_65.0
56_6_3_2_13_1.0
58_6_3_2_19_1.0
60_6_3_2_78_1.0
63_6_3_2_9_1.0
66_6_3_2_15_1.0
score_s_6_3_2_66.0
67_7_4_2_6_1.0
70_7_4_2_14_1.0
71_7_4_2_27_1.0
72_7_4_2_18_1.0
75_7_4_2_2_1.0
77_7_4_2_26_1.0
score_s_7_4_2_69.0
80_8_4_2_1_1.0
81_8_4_2_16_1.0
82_8_4_2_17_1.0
83_8_4_2_44_1.0
84_8_4_2_67_1.0
86_8_4_2_22_1.0
score_s_8_4_2_71.0
DURACION
8.0
6.0
14.0
9.0
12.0
11.0
3.0
10.0
13.0
7.0
15.0
14.0
8.0
12.0
12.0
6.0
15.0
5.0
11.0
10.0
9.0
5.0
13.0
15.0
3.0
9.0
4.0
12.0
7.0
5.0
13.0
10.0
13.0
6.0
3.0
12.0
10.0
15.0
12.0
10.0
8.0
7.0
11.0
4.0
12.0
3.0
11.0
7.0
9.0
9.0
15.0
14.0
13.0
15.0
11.0
12.0
8.0
6.0
12.0
13.0
13.0
13.0
10.0
8.0
15.0
10.0
5.0
13.0
9.0
8.0
14.0
13.0
14.0
11.0
10.0
14.0
13.0
12.0
13.0
13.0
12.0
9.0
9.0
4.0
12.0
10.0
3.0
4.0
VALOR
9.0
9.0
15.0
9.0
11.0
9.0
9.0
14.0
9.0
9.0
15.0
15.0
9.0
14.0
11.0
9.0
12.0
9.0
15.0
14.0
9.0
9.0
11.0
15.0
9.0
13.0
9.0
10.0
9.0
9.0
13.0
9.0
15.0
9.0
9.0
15.0
10.0
10.0
9.0
13.0
9.0
9.0
11.0
9.0
14.0
9.0
13.0
9.0
15.0
15.0
14.0
9.0
14.0
13.0
13.0
12.0
9.0
9.0
9.0
15.0
12.0
11.0
15.0
9.0
10.0
11.0
9.0
15.0
9.0
9.0
9.0
10.0
9.0
10.0
14.0
15.0
15.0
10.0
14.0
9.0
14.0
9.0
9.0
9.0
10.0
13.0
9.0
9.0
ESTRES
0.191289831
0.328617769
0.317816356
0.246246185
0.260991371
0.170747767
0.336426017
0.216541566
0.22259742
0.304077654
0.279516878
0.318141982
0.222503884
0.285441479
0.193736057
0.262450274
0.267692548
0.164934052
0.223074895
0.219223476
0.184811024
0.284230988
0.225375837
0.273430549
0.257041183
0.246018051
0.257154072
0.274844672
0.213379897
0.306563836
0.198504413
0.311254188
0.199265641
0.32322588
0.228463759
0.263535732
0.215272455
0.336723303
0.303475682
0.251690708
0.236896156
0.315655648
0.185105108
0.165542057
0.264008981
0.274209712
0.20621423
0.32479014
0.268607924
0.308822906
0.271348736
0.242966476
0.186568142
0.183655777
0.292540503
0.222374578
0.267325585
0.287955422
0.314852143
0.269312535
0.250764336
0.302369887
0.219225003
0.186178174
0.209640036
0.301727679
0.186479378
0.307116302
0.207841876
0.285528612
0.162218812
0.25171165
0.233170529
0.32610596
0.19461655
0.222754272
0.248320439
0.180575231
0.260530892
0.210213502
0.277793103
0.264745693
0.203960677
0.1985715
0.300221903
0.23976136
0.22362996
0.300255581
