Valor Objetivo:569.0
Runtime:900.6677715778351
Gap:0.0035149384885764497
1_1_1_1_13_1.0
2_1_1_1_31_1.0
4_1_1_1_28_1.0
8_1_1_1_16_1.0
9_1_1_1_34_1.0
10_1_1_1_6_1.0
11_1_1_1_39_1.0
score_s_1_1_1_71.0
13_2_1_1_7_1.0
14_2_1_1_4_1.0
15_2_1_1_33_1.0
16_2_1_1_11_1.0
17_2_1_1_10_1.0
18_2_1_1_2_1.0
19_2_1_1_1_1.0
score_s_2_1_1_70.0
25_3_2_1_37_1.0
26_3_2_1_81_1.0
27_3_2_1_53_1.0
29_3_2_1_87_1.0
30_3_2_1_40_1.0
32_3_2_1_12_1.0
33_3_2_1_74_1.0
score_s_3_2_1_72.0
35_4_2_1_54_1.0
36_4_2_1_45_1.0
38_4_2_1_18_1.0
39_4_2_1_47_1.0
40_4_2_1_57_1.0
41_4_2_1_67_1.0
43_4_2_1_75_1.0
score_s_4_2_1_73.0
47_5_3_2_77_1.0
48_5_3_2_80_1.0
49_5_3_2_25_1.0
51_5_3_2_56_1.0
52_5_3_2_14_1.0
53_5_3_2_23_1.0
55_5_3_2_30_1.0
score_s_5_3_2_73.0
56_6_3_2_5_1.0
57_6_3_2_8_1.0
60_6_3_2_73_1.0
63_6_3_2_70_1.0
65_6_3_2_27_1.0
66_6_3_2_29_1.0
score_s_6_3_2_61.0
67_7_4_2_3_1.0
68_7_4_2_42_1.0
70_7_4_2_19_1.0
71_7_4_2_83_1.0
74_7_4_2_9_1.0
76_7_4_2_15_1.0
score_s_7_4_2_72.0
78_8_4_2_43_1.0
79_8_4_2_26_1.0
81_8_4_2_17_1.0
83_8_4_2_69_1.0
84_8_4_2_44_1.0
86_8_4_2_22_1.0
87_8_4_2_61_1.0
88_8_4_2_20_1.0
score_s_8_4_2_77.0
DURACION
10.0
11.0
11.0
7.0
9.0
11.0
15.0
12.0
6.0
15.0
9.0
8.0
13.0
13.0
8.0
13.0
11.0
9.0
15.0
4.0
7.0
10.0
10.0
13.0
9.0
5.0
6.0
5.0
12.0
14.0
3.0
9.0
15.0
7.0
5.0
9.0
9.0
8.0
9.0
12.0
5.0
15.0
12.0
14.0
11.0
8.0
3.0
10.0
12.0
13.0
14.0
9.0
5.0
10.0
3.0
12.0
9.0
8.0
12.0
8.0
11.0
14.0
7.0
3.0
14.0
14.0
12.0
4.0
9.0
8.0
3.0
4.0
5.0
9.0
7.0
11.0
9.0
14.0
13.0
12.0
8.0
7.0
3.0
6.0
11.0
6.0
3.0
15.0
VALOR
13.0
15.0
10.0
9.0
11.0
13.0
13.0
15.0
9.0
10.0
14.0
9.0
13.0
14.0
9.0
9.0
13.0
9.0
11.0
9.0
9.0
12.0
12.0
12.0
13.0
9.0
9.0
9.0
9.0
15.0
9.0
11.0
10.0
9.0
9.0
9.0
9.0
9.0
9.0
11.0
9.0
11.0
10.0
13.0
14.0
9.0
9.0
9.0
12.0
12.0
13.0
13.0
9.0
11.0
9.0
12.0
10.0
9.0
10.0
9.0
9.0
14.0
9.0
9.0
14.0
11.0
13.0
9.0
10.0
9.0
9.0
9.0
9.0
9.0
9.0
14.0
9.0
10.0
15.0
13.0
9.0
9.0
9.0
9.0
9.0
9.0
9.0
10.0
ESTRES
0.487640876
0.359850595
0.398780814
0.350256705
0.441156069
0.389947124
0.472763744
0.386156095
0.422280414
0.406264929
0.386244619
0.480625359
0.370543286
0.423863716
0.388318868
0.350591706
0.434248266
0.467223304
0.37817315
0.412206636
0.461025417
0.382129247
0.425728822
0.438437993
0.366167831
0.388207368
0.350305575
0.40412871
0.374868394
0.39801666
0.359016653
0.481676686
0.400105723
0.368337318
0.499453405
0.478733997
0.415344426
0.455457533
0.37430859
0.410546611
0.490684385
0.357217182
0.383997395
0.389621631
0.441107621
0.44520057
0.436577397
0.493043414
0.38368727
0.454975827
0.435202762
0.461940106
0.405494254
0.422553414
0.437175013
0.389393703
0.42728268
0.47992519
0.475843368
0.499240974
0.394841747
0.456122684
0.438931645
0.469208102
0.48342737
0.483074725
0.415435459
0.495529608
0.353448517
0.359339001
0.497756071
0.481472589
0.351016265
0.391326231
0.470910532
0.450973283
0.355950517
0.461337969
0.442742433
0.370907162
0.400684372
0.493232591
0.389579122
0.460568209
0.419932106
0.417336008
0.411577094
0.47915633
