Valor Objetivo:563.0
Runtime:900.534435749054
Gap:0.007104795737122558
1_1_1_1_38_1.0
2_1_1_1_5_1.0
4_1_1_1_33_1.0
8_1_1_1_3_1.0
9_1_1_1_7_1.0
10_1_1_1_4_1.0
11_1_1_1_8_1.0
score_s_1_1_1_71.0
13_2_1_1_86_1.0
14_2_1_1_47_1.0
15_2_1_1_30_1.0
17_2_1_1_18_1.0
18_2_1_1_71_1.0
19_2_1_1_23_1.0
score_s_2_1_1_61.0
25_3_2_1_61_1.0
26_3_2_1_68_1.0
27_3_2_1_59_1.0
29_3_2_1_63_1.0
30_3_2_1_26_1.0
31_3_2_1_36_1.0
33_3_2_1_6_1.0
score_s_3_2_1_74.0
35_4_2_1_44_1.0
36_4_2_1_48_1.0
38_4_2_1_37_1.0
39_4_2_1_73_1.0
40_4_2_1_27_1.0
41_4_2_1_58_1.0
43_4_2_1_42_1.0
score_s_4_2_1_73.0
47_5_3_2_72_1.0
48_5_3_2_24_1.0
49_5_3_2_9_1.0
51_5_3_2_50_1.0
52_5_3_2_35_1.0
53_5_3_2_67_1.0
55_5_3_2_88_1.0
score_s_5_3_2_73.0
56_6_3_2_2_1.0
57_6_3_2_10_1.0
59_6_3_2_16_1.0
60_6_3_2_41_1.0
63_6_3_2_64_1.0
66_6_3_2_13_1.0
score_s_6_3_2_62.0
67_7_4_2_1_1.0
68_7_4_2_51_1.0
70_7_4_2_28_1.0
71_7_4_2_60_1.0
74_7_4_2_54_1.0
76_7_4_2_32_1.0
score_s_7_4_2_72.0
78_8_4_2_77_1.0
79_8_4_2_12_1.0
81_8_4_2_49_1.0
83_8_4_2_87_1.0
84_8_4_2_83_1.0
86_8_4_2_15_1.0
87_8_4_2_34_1.0
88_8_4_2_80_1.0
score_s_8_4_2_77.0
DURACION
10.0
11.0
11.0
7.0
9.0
11.0
15.0
12.0
6.0
15.0
9.0
8.0
13.0
13.0
8.0
13.0
11.0
9.0
15.0
4.0
7.0
10.0
10.0
13.0
9.0
5.0
6.0
5.0
12.0
14.0
3.0
9.0
15.0
7.0
5.0
9.0
9.0
8.0
9.0
12.0
5.0
15.0
12.0
14.0
11.0
8.0
3.0
10.0
12.0
13.0
14.0
9.0
5.0
10.0
3.0
12.0
9.0
8.0
12.0
8.0
11.0
14.0
7.0
3.0
14.0
14.0
12.0
4.0
9.0
8.0
3.0
4.0
5.0
9.0
7.0
11.0
9.0
14.0
13.0
12.0
8.0
7.0
3.0
6.0
11.0
6.0
3.0
15.0
VALOR
13.0
15.0
10.0
9.0
11.0
13.0
13.0
15.0
9.0
10.0
14.0
9.0
13.0
14.0
9.0
9.0
13.0
9.0
11.0
9.0
9.0
12.0
12.0
12.0
13.0
9.0
9.0
9.0
9.0
15.0
9.0
11.0
10.0
9.0
9.0
9.0
9.0
9.0
9.0
11.0
9.0
11.0
10.0
13.0
14.0
9.0
9.0
9.0
12.0
12.0
13.0
13.0
9.0
11.0
9.0
12.0
10.0
9.0
10.0
9.0
9.0
14.0
9.0
9.0
14.0
11.0
13.0
9.0
10.0
9.0
9.0
9.0
9.0
9.0
9.0
14.0
9.0
10.0
15.0
13.0
9.0
9.0
9.0
9.0
9.0
9.0
9.0
10.0
ESTRES
0.400515667
0.442614871
0.496690974
0.44961308
0.447589273
0.450637007
0.391334476
0.438052091
0.427661578
0.367706554
0.478755184
0.416140991
0.403051789
0.490803393
0.396501716
0.371044877
0.488846301
0.466748364
0.483594473
0.482509595
0.467130677
0.489887739
0.400125054
0.378262354
0.429603367
0.352697176
0.422594849
0.396505889
0.454119032
0.435469026
0.461918997
0.373300169
0.410106009
0.415228443
0.37483582
0.357607915
0.422492533
0.403100253
0.462436505
0.492309412
0.360760482
0.398422614
0.445827373
0.410656911
0.449686032
0.444458632
0.423665199
0.413707217
0.394548014
0.381573908
0.361210245
0.470733473
0.467214571
0.366047791
0.447894567
0.479799669
0.409519753
0.430830636
0.352232504
0.399286397
0.365557513
0.453533417
0.386708625
0.360994572
0.475657132
0.446275203
0.37420478
0.37308362
0.452074473
0.411082518
0.411282703
0.374622123
0.417862973
0.439007161
0.476212263
0.381633506
0.363769697
0.474150752
0.471967263
0.377322343
0.425050271
0.486667126
0.378523016
0.487988061
0.461807549
0.394965078
0.352903139
0.354649049
