Valor Objetivo:512.0
Runtime:900.7958896160126
Gap:0.001953125
1_1_1_1_3_1.0
3_1_1_1_51_1.0
5_1_1_1_49_1.0
7_1_1_1_12_1.0
9_1_1_1_21_1.0
10_1_1_1_32_1.0
score_s_1_1_1_64.0
12_2_1_1_38_1.0
13_2_1_1_37_1.0
15_2_1_1_23_1.0
16_2_1_1_27_1.0
19_2_1_1_36_1.0
22_2_1_1_2_1.0
score_s_2_1_1_65.0
23_3_2_1_4_1.0
24_3_2_1_54_1.0
25_3_2_1_67_1.0
30_3_2_1_8_1.0
31_3_2_1_26_1.0
33_3_2_1_10_1.0
score_s_3_2_1_64.0
34_4_2_1_11_1.0
35_4_2_1_18_1.0
38_4_2_1_9_1.0
39_4_2_1_59_1.0
42_4_2_1_15_1.0
43_4_2_1_5_1.0
score_s_4_2_1_67.0
45_5_3_2_61_1.0
47_5_3_2_14_1.0
49_5_3_2_35_1.0
50_5_3_2_87_1.0
54_5_3_2_22_1.0
55_5_3_2_34_1.0
score_s_5_3_2_62.0
56_6_3_2_64_1.0
57_6_3_2_17_1.0
60_6_3_2_25_1.0
61_6_3_2_28_1.0
65_6_3_2_42_1.0
score_s_6_3_2_53.0
71_7_4_2_7_1.0
72_7_4_2_33_1.0
74_7_4_2_16_1.0
76_7_4_2_6_1.0
77_7_4_2_44_1.0
score_s_7_4_2_66.0
79_8_4_2_24_1.0
81_8_4_2_88_1.0
83_8_4_2_19_1.0
84_8_4_2_41_1.0
85_8_4_2_1_1.0
86_8_4_2_50_1.0
88_8_4_2_13_1.0
score_s_8_4_2_71.0
DURACION
10.0
11.0
8.0
14.0
10.0
13.0
13.0
12.0
9.0
12.0
8.0
8.0
13.0
11.0
7.0
12.0
9.0
11.0
9.0
3.0
11.0
14.0
7.0
10.0
11.0
15.0
9.0
9.0
9.0
8.0
9.0
15.0
15.0
5.0
7.0
10.0
9.0
5.0
10.0
12.0
11.0
6.0
7.0
13.0
13.0
9.0
12.0
5.0
13.0
7.0
15.0
14.0
9.0
8.0
9.0
8.0
5.0
3.0
8.0
11.0
7.0
4.0
5.0
5.0
11.0
11.0
5.0
9.0
4.0
11.0
9.0
15.0
5.0
6.0
6.0
10.0
15.0
9.0
4.0
10.0
15.0
11.0
10.0
13.0
11.0
14.0
12.0
4.0
VALOR
10.0
12.0
9.0
14.0
9.0
12.0
10.0
13.0
13.0
9.0
9.0
9.0
12.0
13.0
9.0
10.0
9.0
11.0
11.0
9.0
9.0
13.0
9.0
13.0
13.0
14.0
9.0
9.0
14.0
9.0
12.0
14.0
10.0
9.0
9.0
9.0
14.0
9.0
15.0
15.0
10.0
9.0
9.0
15.0
11.0
14.0
12.0
9.0
13.0
9.0
13.0
11.0
9.0
9.0
12.0
9.0
9.0
9.0
9.0
10.0
9.0
9.0
9.0
9.0
14.0
12.0
9.0
9.0
9.0
10.0
9.0
14.0
9.0
9.0
9.0
11.0
9.0
9.0
9.0
13.0
11.0
10.0
10.0
11.0
13.0
13.0
14.0
9.0
ESTRES
0.400515667
0.442614871
0.496690974
0.44961308
0.447589273
0.450637007
0.391334476
0.438052091
0.427661578
0.367706554
0.478755184
0.416140991
0.403051789
0.490803393
0.396501716
0.371044877
0.488846301
0.466748364
0.483594473
0.482509595
0.467130677
0.489887739
0.400125054
0.378262354
0.429603367
0.352697176
0.422594849
0.396505889
0.454119032
0.435469026
0.461918997
0.373300169
0.410106009
0.415228443
0.37483582
0.357607915
0.422492533
0.403100253
0.462436505
0.492309412
0.360760482
0.398422614
0.445827373
0.410656911
0.449686032
0.444458632
0.423665199
0.413707217
0.394548014
0.381573908
0.361210245
0.470733473
0.467214571
0.366047791
0.447894567
0.479799669
0.409519753
0.430830636
0.352232504
0.399286397
0.365557513
0.453533417
0.386708625
0.360994572
0.475657132
0.446275203
0.37420478
0.37308362
0.452074473
0.411082518
0.411282703
0.374622123
0.417862973
0.439007161
0.476212263
0.381633506
0.363769697
0.474150752
0.471967263
0.377322343
0.425050271
0.486667126
0.378523016
0.487988061
0.461807549
0.394965078
0.352903139
0.354649049
