Valor Objetivo:715.0
Runtime:900.5928831100464
Gap:0.002797202797202797
1_1_1_1_12_1.0
3_1_1_1_17_1.0
5_1_1_1_47_1.0
6_1_1_1_49_1.0
7_1_1_1_14_1.0
9_1_1_1_75_1.0
10_1_1_1_13_1.0
11_1_1_1_46_1.0
score_s_1_1_1_87.0
12_2_1_1_7_1.0
13_2_1_1_77_1.0
15_2_1_1_88_1.0
16_2_1_1_27_1.0
17_2_1_1_66_1.0
19_2_1_1_4_1.0
20_2_1_1_52_1.0
22_2_1_1_76_1.0
score_s_2_1_1_89.0
23_3_2_1_22_1.0
24_3_2_1_84_1.0
25_3_2_1_35_1.0
26_3_2_1_42_1.0
30_3_2_1_70_1.0
31_3_2_1_41_1.0
32_3_2_1_63_1.0
33_3_2_1_36_1.0
score_s_3_2_1_90.0
34_4_2_1_53_1.0
35_4_2_1_31_1.0
36_4_2_1_25_1.0
38_4_2_1_67_1.0
39_4_2_1_56_1.0
41_4_2_1_6_1.0
42_4_2_1_85_1.0
43_4_2_1_10_1.0
score_s_4_2_1_87.0
45_5_3_2_19_1.0
46_5_3_2_62_1.0
47_5_3_2_33_1.0
49_5_3_2_43_1.0
50_5_3_2_81_1.0
51_5_3_2_82_1.0
53_5_3_2_18_1.0
54_5_3_2_8_1.0
55_5_3_2_21_1.0
score_s_5_3_2_94.0
56_6_3_2_55_1.0
57_6_3_2_20_1.0
59_6_3_2_69_1.0
60_6_3_2_1_1.0
61_6_3_2_83_1.0
65_6_3_2_9_1.0
66_6_3_2_78_1.0
score_s_6_3_2_78.0
69_7_4_2_15_1.0
70_7_4_2_54_1.0
71_7_4_2_64_1.0
72_7_4_2_24_1.0
73_7_4_2_72_1.0
74_7_4_2_28_1.0
76_7_4_2_37_1.0
77_7_4_2_23_1.0
score_s_7_4_2_97.0
79_8_4_2_2_1.0
81_8_4_2_71_1.0
82_8_4_2_73_1.0
83_8_4_2_29_1.0
84_8_4_2_11_1.0
85_8_4_2_87_1.0
86_8_4_2_45_1.0
87_8_4_2_3_1.0
88_8_4_2_39_1.0
score_s_8_4_2_93.0
DURACION
10.0
11.0
8.0
14.0
10.0
13.0
13.0
12.0
9.0
12.0
8.0
8.0
13.0
11.0
7.0
12.0
9.0
11.0
9.0
3.0
11.0
14.0
7.0
10.0
11.0
15.0
9.0
9.0
9.0
8.0
9.0
15.0
15.0
5.0
7.0
10.0
9.0
5.0
10.0
12.0
11.0
6.0
7.0
13.0
13.0
9.0
12.0
5.0
13.0
7.0
15.0
14.0
9.0
8.0
9.0
8.0
5.0
3.0
8.0
11.0
7.0
4.0
5.0
5.0
11.0
11.0
5.0
9.0
4.0
11.0
9.0
15.0
5.0
6.0
6.0
10.0
15.0
9.0
4.0
10.0
15.0
11.0
10.0
13.0
11.0
14.0
12.0
4.0
VALOR
10.0
12.0
9.0
14.0
9.0
12.0
10.0
13.0
13.0
9.0
9.0
9.0
12.0
13.0
9.0
10.0
9.0
11.0
11.0
9.0
9.0
13.0
9.0
13.0
13.0
14.0
9.0
9.0
14.0
9.0
12.0
14.0
10.0
9.0
9.0
9.0
14.0
9.0
15.0
15.0
10.0
9.0
9.0
15.0
11.0
14.0
12.0
9.0
13.0
9.0
13.0
11.0
9.0
9.0
12.0
9.0
9.0
9.0
9.0
10.0
9.0
9.0
9.0
9.0
14.0
12.0
9.0
9.0
9.0
10.0
9.0
14.0
9.0
9.0
9.0
11.0
9.0
9.0
9.0
13.0
11.0
10.0
10.0
11.0
13.0
13.0
14.0
9.0
ESTRES
0.086128283
0.028936978
0.035474765
0.157737349
0.41698326
0.232828783
0.33882491
0.317751108
0.240439271
0.096521514
0.186040137
0.012113026
0.201000811
0.161972232
0.015784831
0.492453497
0.266856076
0.100604481
0.253772005
0.194211147
0.252174516
0.074329551
0.315207409
0.009435285
0.063538659
0.430074401
0.193363523
0.101025463
0.278867684
0.333027313
0.267007406
0.499368769
0.029622098
0.450854181
0.267939137
0.123984801
0.113291916
0.323241171
0.14732384
0.435480449
0.157488919
0.065743723
0.013402908
0.497377085
0.271283272
0.021663556
0.297077921
0.361006875
0.213115162
0.3968768
0.339752935
0.017439063
0.225898664
0.114284584
0.238927762
0.291803668
0.302611943
0.313709354
0.474125915
0.467011034
0.3225786
0.143366153
0.009612157
0.013254156
0.364316682
0.142325429
0.157643017
0.357537698
0.099035041
0.135926722
0.302868009
0.198070835
0.041426681
0.485693769
0.296425735
0.066000072
0.262118713
0.082616581
0.311546899
0.416000568
0.212280685
0.012725277
0.156752827
0.288628371
0.161143107
0.405616415
0.126923014
0.178022978
