Valor Objetivo:612.0
Runtime:900.5710089206696
Gap:0.004901960784313725
2_1_1_1_29_1.0
3_1_1_1_32_1.0
5_1_1_1_26_1.0
6_1_1_1_31_1.0
7_1_1_1_76_1.0
9_1_1_1_83_1.0
10_1_1_1_21_1.0
score_s_1_1_1_70.0
12_2_1_1_63_1.0
13_2_1_1_23_1.0
14_2_1_1_7_1.0
16_2_1_1_15_1.0
17_2_1_1_46_1.0
19_2_1_1_19_1.0
21_2_1_1_59_1.0
22_2_1_1_3_1.0
score_s_2_1_1_82.0
24_3_2_1_25_1.0
25_3_2_1_65_1.0
26_3_2_1_22_1.0
27_3_2_1_39_1.0
28_3_2_1_10_1.0
29_3_2_1_56_1.0
30_3_2_1_86_1.0
31_3_2_1_48_1.0
33_3_2_1_47_1.0
score_s_3_2_1_86.0
34_4_2_1_42_1.0
35_4_2_1_11_1.0
37_4_2_1_17_1.0
38_4_2_1_8_1.0
40_4_2_1_13_1.0
41_4_2_1_9_1.0
43_4_2_1_84_1.0
score_s_4_2_1_73.0
46_5_3_2_28_1.0
47_5_3_2_41_1.0
48_5_3_2_6_1.0
50_5_3_2_34_1.0
52_5_3_2_33_1.0
55_5_3_2_62_1.0
score_s_5_3_2_73.0
56_6_3_2_2_1.0
57_6_3_2_12_1.0
58_6_3_2_82_1.0
61_6_3_2_20_1.0
62_6_3_2_38_1.0
63_6_3_2_43_1.0
64_6_3_2_16_1.0
65_6_3_2_4_1.0
score_s_6_3_2_80.0
67_7_4_2_1_1.0
68_7_4_2_35_1.0
70_7_4_2_36_1.0
71_7_4_2_40_1.0
72_7_4_2_45_1.0
74_7_4_2_5_1.0
75_7_4_2_60_1.0
76_7_4_2_14_1.0
score_s_7_4_2_83.0
80_8_4_2_58_1.0
82_8_4_2_24_1.0
83_8_4_2_74_1.0
84_8_4_2_27_1.0
85_8_4_2_64_1.0
87_8_4_2_69_1.0
score_s_8_4_2_65.0
DURACION
14.0
5.0
9.0
9.0
4.0
12.0
6.0
10.0
15.0
8.0
7.0
12.0
7.0
9.0
7.0
13.0
15.0
7.0
3.0
15.0
10.0
15.0
11.0
9.0
15.0
14.0
15.0
8.0
9.0
12.0
10.0
15.0
13.0
7.0
10.0
5.0
4.0
9.0
9.0
8.0
15.0
9.0
9.0
12.0
13.0
15.0
3.0
4.0
5.0
10.0
3.0
5.0
5.0
6.0
9.0
9.0
8.0
10.0
15.0
4.0
9.0
3.0
4.0
5.0
3.0
7.0
9.0
6.0
7.0
4.0
11.0
13.0
15.0
9.0
12.0
4.0
4.0
8.0
14.0
4.0
8.0
15.0
10.0
12.0
4.0
13.0
4.0
14.0
VALOR
15.0
9.0
9.0
9.0
9.0
11.0
9.0
9.0
10.0
9.0
9.0
10.0
9.0
9.0
9.0
9.0
12.0
9.0
9.0
9.0
14.0
14.0
13.0
13.0
15.0
10.0
12.0
9.0
9.0
14.0
15.0
10.0
14.0
9.0
10.0
9.0
9.0
9.0
10.0
9.0
15.0
11.0
9.0
13.0
15.0
10.0
9.0
9.0
9.0
13.0
9.0
9.0
9.0
9.0
9.0
15.0
9.0
9.0
11.0
9.0
11.0
9.0
9.0
9.0
9.0
9.0
9.0
9.0
9.0
9.0
14.0
13.0
11.0
11.0
11.0
9.0
9.0
9.0
9.0
9.0
9.0
11.0
9.0
10.0
9.0
12.0
9.0
14.0
ESTRES
0.030605891
0.140849942
0.13384279
0.021025834
0.06724083
0.050243177
0.058402601
0.074204201
0.097814159
0.137727145
0.070143161
0.046171692
0.062774507
0.026140118
0.069892892
0.020572961
0.082817268
0.098397896
0.12203544
0.016175828
0.045314014
0.135847349
0.09190571
0.053109494
0.008664326
0.103852899
0.144271498
0.043132835
0.057005833
0.136548657
0.023754756
0.045096289
0.08574348
0.034237678
0.06447756
0.048593572
0.097651344
0.066133876
0.086839299
0.062257554
0.046666528
0.010530066
0.023007813
0.128986845
0.005895383
0.013068229
0.074798736
0.059970831
0.126328658
0.110038985
0.090468699
0.100965385
0.106839099
0.121462183
0.082745965
0.053398169
0.096087858
0.009114593
0.04686448
0.049434502
0.096676104
0.006991013
0.05237326
0.070100656
0.04876092
0.089732172
0.122616497
0.101868939
0.032902669
0.092362738
0.071616858
0.140204447
0.080579561
0.030988435
0.132531403
0.053103443
0.076435426
0.102485616
0.1466051
0.080141898
0.134130915
0.018006954
0.03619878
0.042797552
0.063644077
0.046918259
0.088834823
0.14189549
