Valor Objetivo:685.0
Runtime:900.8182528018951
Gap:0.00291970802919708
2_1_1_1_26_1.0
3_1_1_1_60_1.0
4_1_1_1_18_1.0
5_1_1_1_63_1.0
6_1_1_1_5_1.0
7_1_1_1_58_1.0
9_1_1_1_54_1.0
10_1_1_1_61_1.0
score_s_1_1_1_79.0
12_2_1_1_39_1.0
13_2_1_1_50_1.0
14_2_1_1_74_1.0
15_2_1_1_30_1.0
16_2_1_1_17_1.0
17_2_1_1_9_1.0
19_2_1_1_88_1.0
21_2_1_1_34_1.0
22_2_1_1_12_1.0
score_s_2_1_1_91.0
24_3_2_1_25_1.0
25_3_2_1_16_1.0
26_3_2_1_28_1.0
27_3_2_1_37_1.0
28_3_2_1_32_1.0
29_3_2_1_6_1.0
30_3_2_1_86_1.0
31_3_2_1_59_1.0
32_3_2_1_7_1.0
33_3_2_1_13_1.0
score_s_3_2_1_95.0
34_4_2_1_53_1.0
35_4_2_1_4_1.0
37_4_2_1_22_1.0
38_4_2_1_19_1.0
40_4_2_1_55_1.0
41_4_2_1_69_1.0
42_4_2_1_83_1.0
43_4_2_1_57_1.0
score_s_4_2_1_82.0
46_5_3_2_73_1.0
47_5_3_2_81_1.0
48_5_3_2_78_1.0
50_5_3_2_43_1.0
51_5_3_2_36_1.0
52_5_3_2_15_1.0
55_5_3_2_2_1.0
score_s_5_3_2_86.0
56_6_3_2_8_1.0
58_6_3_2_87_1.0
59_6_3_2_40_1.0
61_6_3_2_70_1.0
62_6_3_2_11_1.0
63_6_3_2_10_1.0
65_6_3_2_84_1.0
66_6_3_2_31_1.0
score_s_6_3_2_85.0
67_7_4_2_76_1.0
68_7_4_2_3_1.0
70_7_4_2_45_1.0
71_7_4_2_65_1.0
72_7_4_2_1_1.0
73_7_4_2_49_1.0
74_7_4_2_44_1.0
75_7_4_2_51_1.0
76_7_4_2_67_1.0
score_s_7_4_2_92.0
79_8_4_2_77_1.0
80_8_4_2_41_1.0
82_8_4_2_14_1.0
83_8_4_2_42_1.0
84_8_4_2_23_1.0
85_8_4_2_33_1.0
87_8_4_2_80_1.0
score_s_8_4_2_75.0
DURACION
14.0
5.0
9.0
9.0
4.0
12.0
6.0
10.0
15.0
8.0
7.0
12.0
7.0
9.0
7.0
13.0
15.0
7.0
3.0
15.0
10.0
15.0
11.0
9.0
15.0
14.0
15.0
8.0
9.0
12.0
10.0
15.0
13.0
7.0
10.0
5.0
4.0
9.0
9.0
8.0
15.0
9.0
9.0
12.0
13.0
15.0
3.0
4.0
5.0
10.0
3.0
5.0
5.0
6.0
9.0
9.0
8.0
10.0
15.0
4.0
9.0
3.0
4.0
5.0
3.0
7.0
9.0
6.0
7.0
4.0
11.0
13.0
15.0
9.0
12.0
4.0
4.0
8.0
14.0
4.0
8.0
15.0
10.0
12.0
4.0
13.0
4.0
14.0
VALOR
15.0
9.0
9.0
9.0
9.0
11.0
9.0
9.0
10.0
9.0
9.0
10.0
9.0
9.0
9.0
9.0
12.0
9.0
9.0
9.0
14.0
14.0
13.0
13.0
15.0
10.0
12.0
9.0
9.0
14.0
15.0
10.0
14.0
9.0
10.0
9.0
9.0
9.0
10.0
9.0
15.0
11.0
9.0
13.0
15.0
10.0
9.0
9.0
9.0
13.0
9.0
9.0
9.0
9.0
9.0
15.0
9.0
9.0
11.0
9.0
11.0
9.0
9.0
9.0
9.0
9.0
9.0
9.0
9.0
9.0
14.0
13.0
11.0
11.0
11.0
9.0
9.0
9.0
9.0
9.0
9.0
11.0
9.0
10.0
9.0
12.0
9.0
14.0
ESTRES
0.143745957
0.139914349
0.136119311
0.016799855
0.026222746
0.14678191
0.143767952
0.011668904
0.106649758
0.115105455
0.139461647
0.02882441
0.136983054
0.136100376
0.105182603
0.136778208
0.06473857
0.064786559
0.055821609
0.11645591
0.14862071
0.084959358
0.073961635
0.144568449
0.046385194
0.075279164
0.142577866
0.116303318
0.148255456
0.058924936
0.017589038
0.093524688
0.095518043
0.099685269
0.133610518
0.010190504
0.110316943
0.124218913
0.106159904
0.006543515
0.054449207
0.047276954
0.026469451
0.023821804
0.055757129
0.127282307
0.124021769
0.131636038
0.024686942
0.09567911
0.096104695
0.143955677
0.050632371
0.077001934
0.053768043
0.145194556
0.094496005
0.104611787
0.095692768
0.059043034
0.063451855
0.121925658
0.104079358
0.143853502
0.070137602
0.120634912
0.022777817
0.11743999
0.05693388
0.054034938
0.113550785
0.112367534
0.032675798
0.014157853
0.097747853
0.008853676
0.060614243
0.022835537
0.108954735
0.057287977
0.006894767
0.104166736
0.056668032
0.014764673
0.135879507
0.103137895
0.083852462
0.093498061
