Valor Objetivo:748.0
Runtime:94.7921793460846
Gap:0.0
2_1_1_1_66_1.0
3_1_1_1_32_1.0
4_1_1_1_23_1.0
5_1_1_1_25_1.0
6_1_1_1_81_1.0
7_1_1_1_73_1.0
8_1_1_1_78_1.0
9_1_1_1_35_1.0
10_1_1_1_13_1.0
score_s_1_1_1_91.0
12_2_1_1_9_1.0
13_2_1_1_70_1.0
14_2_1_1_36_1.0
16_2_1_1_14_1.0
17_2_1_1_20_1.0
19_2_1_1_19_1.0
20_2_1_1_42_1.0
21_2_1_1_5_1.0
22_2_1_1_85_1.0
score_s_2_1_1_96.0
24_3_2_1_18_1.0
25_3_2_1_44_1.0
26_3_2_1_28_1.0
27_3_2_1_55_1.0
28_3_2_1_22_1.0
29_3_2_1_49_1.0
30_3_2_1_75_1.0
31_3_2_1_59_1.0
32_3_2_1_34_1.0
33_3_2_1_53_1.0
score_s_3_2_1_95.0
34_4_2_1_46_1.0
35_4_2_1_84_1.0
36_4_2_1_57_1.0
37_4_2_1_37_1.0
38_4_2_1_15_1.0
40_4_2_1_69_1.0
41_4_2_1_8_1.0
42_4_2_1_21_1.0
43_4_2_1_24_1.0
score_s_4_2_1_92.0
46_5_3_2_54_1.0
47_5_3_2_71_1.0
48_5_3_2_29_1.0
50_5_3_2_30_1.0
51_5_3_2_38_1.0
52_5_3_2_2_1.0
53_5_3_2_76_1.0
55_5_3_2_3_1.0
score_s_5_3_2_98.0
56_6_3_2_26_1.0
58_6_3_2_1_1.0
59_6_3_2_86_1.0
61_6_3_2_67_1.0
62_6_3_2_47_1.0
63_6_3_2_87_1.0
64_6_3_2_17_1.0
65_6_3_2_68_1.0
66_6_3_2_51_1.0
score_s_6_3_2_94.0
67_7_4_2_62_1.0
68_7_4_2_4_1.0
69_7_4_2_63_1.0
70_7_4_2_31_1.0
71_7_4_2_7_1.0
72_7_4_2_43_1.0
74_7_4_2_6_1.0
75_7_4_2_16_1.0
76_7_4_2_74_1.0
score_s_7_4_2_98.0
79_8_4_2_50_1.0
80_8_4_2_61_1.0
82_8_4_2_52_1.0
83_8_4_2_80_1.0
84_8_4_2_60_1.0
85_8_4_2_77_1.0
86_8_4_2_11_1.0
87_8_4_2_12_1.0
score_s_8_4_2_84.0
DURACION
14.0
5.0
9.0
9.0
4.0
12.0
6.0
10.0
15.0
8.0
7.0
12.0
7.0
9.0
7.0
13.0
15.0
7.0
3.0
15.0
10.0
15.0
11.0
9.0
15.0
14.0
15.0
8.0
9.0
12.0
10.0
15.0
13.0
7.0
10.0
5.0
4.0
9.0
9.0
8.0
15.0
9.0
9.0
12.0
13.0
15.0
3.0
4.0
5.0
10.0
3.0
5.0
5.0
6.0
9.0
9.0
8.0
10.0
15.0
4.0
9.0
3.0
4.0
5.0
3.0
7.0
9.0
6.0
7.0
4.0
11.0
13.0
15.0
9.0
12.0
4.0
4.0
8.0
14.0
4.0
8.0
15.0
10.0
12.0
4.0
13.0
4.0
14.0
VALOR
15.0
9.0
9.0
9.0
9.0
11.0
9.0
9.0
10.0
9.0
9.0
10.0
9.0
9.0
9.0
9.0
12.0
9.0
9.0
9.0
14.0
14.0
13.0
13.0
15.0
10.0
12.0
9.0
9.0
14.0
15.0
10.0
14.0
9.0
10.0
9.0
9.0
9.0
10.0
9.0
15.0
11.0
9.0
13.0
15.0
10.0
9.0
9.0
9.0
13.0
9.0
9.0
9.0
9.0
9.0
15.0
9.0
9.0
11.0
9.0
11.0
9.0
9.0
9.0
9.0
9.0
9.0
9.0
9.0
9.0
14.0
13.0
11.0
11.0
11.0
9.0
9.0
9.0
9.0
9.0
9.0
11.0
9.0
10.0
9.0
12.0
9.0
14.0
ESTRES
0.269218895
0.107299813
0.012849785
0.204826448
0.237218845
0.091836239
0.21411909
0.09739183
0.253062082
0.305869396
0.124726595
0.08349925
0.023268781
0.171924021
0.036740256
0.21179445
0.120361735
0.247219345
0.232247666
0.183921091
0.066567491
0.268453154
0.024705297
0.210164824
0.186063331
0.10678447
0.304097791
0.283722421
0.02485706
0.041452046
0.203218795
0.056459162
0.335467987
0.244844307
0.127814164
0.103776902
0.168770056
0.017566856
0.321336915
0.301089123
0.315742678
0.087969764
0.166298926
0.272465756
0.30132496
0.092294832
0.216764172
0.293522648
0.259489959
0.110630907
0.042583612
0.20406367
0.273147393
0.060258469
0.271201042
0.284467915
0.04115875
0.282917392
0.268040196
0.144026657
0.067204516
0.085754148
0.051027154
0.312238553
0.308810893
0.118605963
0.16794322
0.094331077
0.134617546
0.213516368
0.012989811
0.325836258
0.180599508
0.153538615
0.268354678
0.012595809
0.215201249
0.041444527
0.283335764
0.172863782
0.047384324
0.281960484
0.294255718
0.054967186
0.15028578
0.073455913
0.200835653
0.278768157
