Valor Objetivo:579.0
Runtime:900.6571662425995
Gap:0.0034542314335060447
2_1_1_1_82_1.0
3_1_1_1_64_1.0
5_1_1_1_62_1.0
6_1_1_1_3_1.0
7_1_1_1_27_1.0
9_1_1_1_20_1.0
10_1_1_1_4_1.0
score_s_1_1_1_70.0
12_2_1_1_72_1.0
13_2_1_1_88_1.0
14_2_1_1_37_1.0
16_2_1_1_23_1.0
17_2_1_1_66_1.0
19_2_1_1_49_1.0
21_2_1_1_53_1.0
score_s_2_1_1_69.0
24_3_2_1_1_1.0
25_3_2_1_7_1.0
26_3_2_1_39_1.0
27_3_2_1_69_1.0
28_3_2_1_73_1.0
29_3_2_1_28_1.0
30_3_2_1_8_1.0
31_3_2_1_9_1.0
33_3_2_1_54_1.0
score_s_3_2_1_86.0
34_4_2_1_63_1.0
37_4_2_1_5_1.0
38_4_2_1_24_1.0
40_4_2_1_25_1.0
41_4_2_1_76_1.0
42_4_2_1_33_1.0
43_4_2_1_83_1.0
score_s_4_2_1_71.0
46_5_3_2_22_1.0
47_5_3_2_2_1.0
48_5_3_2_10_1.0
50_5_3_2_18_1.0
52_5_3_2_70_1.0
55_5_3_2_13_1.0
score_s_5_3_2_73.0
56_6_3_2_52_1.0
58_6_3_2_41_1.0
61_6_3_2_78_1.0
62_6_3_2_29_1.0
63_6_3_2_67_1.0
64_6_3_2_11_1.0
65_6_3_2_43_1.0
score_s_6_3_2_71.0
67_7_4_2_15_1.0
68_7_4_2_87_1.0
70_7_4_2_17_1.0
71_7_4_2_21_1.0
74_7_4_2_42_1.0
75_7_4_2_85_1.0
76_7_4_2_14_1.0
score_s_7_4_2_74.0
80_8_4_2_12_1.0
82_8_4_2_19_1.0
83_8_4_2_36_1.0
84_8_4_2_6_1.0
85_8_4_2_31_1.0
87_8_4_2_46_1.0
score_s_8_4_2_65.0
DURACION
14.0
5.0
9.0
9.0
4.0
12.0
6.0
10.0
15.0
8.0
7.0
12.0
7.0
9.0
7.0
13.0
15.0
7.0
3.0
15.0
10.0
15.0
11.0
9.0
15.0
14.0
15.0
8.0
9.0
12.0
10.0
15.0
13.0
7.0
10.0
5.0
4.0
9.0
9.0
8.0
15.0
9.0
9.0
12.0
13.0
15.0
3.0
4.0
5.0
10.0
3.0
5.0
5.0
6.0
9.0
9.0
8.0
10.0
15.0
4.0
9.0
3.0
4.0
5.0
3.0
7.0
9.0
6.0
7.0
4.0
11.0
13.0
15.0
9.0
12.0
4.0
4.0
8.0
14.0
4.0
8.0
15.0
10.0
12.0
4.0
13.0
4.0
14.0
VALOR
15.0
9.0
9.0
9.0
9.0
11.0
9.0
9.0
10.0
9.0
9.0
10.0
9.0
9.0
9.0
9.0
12.0
9.0
9.0
9.0
14.0
14.0
13.0
13.0
15.0
10.0
12.0
9.0
9.0
14.0
15.0
10.0
14.0
9.0
10.0
9.0
9.0
9.0
10.0
9.0
15.0
11.0
9.0
13.0
15.0
10.0
9.0
9.0
9.0
13.0
9.0
9.0
9.0
9.0
9.0
15.0
9.0
9.0
11.0
9.0
11.0
9.0
9.0
9.0
9.0
9.0
9.0
9.0
9.0
9.0
14.0
13.0
11.0
11.0
11.0
9.0
9.0
9.0
9.0
9.0
9.0
11.0
9.0
10.0
9.0
12.0
9.0
14.0
ESTRES
0.086128283
0.028936978
0.035474765
0.157737349
0.41698326
0.232828783
0.33882491
0.317751108
0.240439271
0.096521514
0.186040137
0.012113026
0.201000811
0.161972232
0.015784831
0.492453497
0.266856076
0.100604481
0.253772005
0.194211147
0.252174516
0.074329551
0.315207409
0.009435285
0.063538659
0.430074401
0.193363523
0.101025463
0.278867684
0.333027313
0.267007406
0.499368769
0.029622098
0.450854181
0.267939137
0.123984801
0.113291916
0.323241171
0.14732384
0.435480449
0.157488919
0.065743723
0.013402908
0.497377085
0.271283272
0.021663556
0.297077921
0.361006875
0.213115162
0.3968768
0.339752935
0.017439063
0.225898664
0.114284584
0.238927762
0.291803668
0.302611943
0.313709354
0.474125915
0.467011034
0.3225786
0.143366153
0.009612157
0.013254156
0.364316682
0.142325429
0.157643017
0.357537698
0.099035041
0.135926722
0.302868009
0.198070835
0.041426681
0.485693769
0.296425735
0.066000072
0.262118713
0.082616581
0.311546899
0.416000568
0.212280685
0.012725277
0.156752827
0.288628371
0.161143107
0.405616415
0.126923014
0.178022978
