Valor Objetivo:739.0
Runtime:900.9500617980957
Gap:0.0027063599458728013
2_1_1_1_55_1.0
3_1_1_1_51_1.0
4_1_1_1_39_1.0
5_1_1_1_72_1.0
6_1_1_1_86_1.0
7_1_1_1_3_1.0
8_1_1_1_70_1.0
9_1_1_1_81_1.0
10_1_1_1_31_1.0
score_s_1_1_1_91.0
12_2_1_1_22_1.0
13_2_1_1_2_1.0
14_2_1_1_46_1.0
16_2_1_1_41_1.0
17_2_1_1_52_1.0
19_2_1_1_29_1.0
20_2_1_1_20_1.0
21_2_1_1_85_1.0
22_2_1_1_16_1.0
score_s_2_1_1_96.0
23_3_2_1_68_1.0
24_3_2_1_87_1.0
25_3_2_1_30_1.0
26_3_2_1_35_1.0
27_3_2_1_21_1.0
28_3_2_1_67_1.0
29_3_2_1_15_1.0
30_3_2_1_69_1.0
31_3_2_1_71_1.0
33_3_2_1_28_1.0
score_s_3_2_1_95.0
34_4_2_1_26_1.0
35_4_2_1_25_1.0
36_4_2_1_78_1.0
37_4_2_1_1_1.0
38_4_2_1_76_1.0
40_4_2_1_60_1.0
41_4_2_1_9_1.0
42_4_2_1_32_1.0
43_4_2_1_4_1.0
score_s_4_2_1_92.0
45_5_3_2_75_1.0
46_5_3_2_5_1.0
47_5_3_2_47_1.0
48_5_3_2_24_1.0
49_5_3_2_14_1.0
50_5_3_2_79_1.0
52_5_3_2_59_1.0
55_5_3_2_80_1.0
score_s_5_3_2_91.0
56_6_3_2_17_1.0
57_6_3_2_13_1.0
58_6_3_2_34_1.0
61_6_3_2_62_1.0
62_6_3_2_56_1.0
63_6_3_2_61_1.0
64_6_3_2_73_1.0
65_6_3_2_10_1.0
66_6_3_2_64_1.0
score_s_6_3_2_92.0
67_7_4_2_27_1.0
68_7_4_2_40_1.0
69_7_4_2_50_1.0
70_7_4_2_19_1.0
71_7_4_2_49_1.0
72_7_4_2_38_1.0
74_7_4_2_36_1.0
75_7_4_2_57_1.0
76_7_4_2_18_1.0
score_s_7_4_2_98.0
79_8_4_2_37_1.0
80_8_4_2_42_1.0
82_8_4_2_58_1.0
83_8_4_2_7_1.0
84_8_4_2_11_1.0
85_8_4_2_53_1.0
86_8_4_2_45_1.0
87_8_4_2_65_1.0
score_s_8_4_2_84.0
DURACION
14.0
5.0
9.0
9.0
4.0
12.0
6.0
10.0
15.0
8.0
7.0
12.0
7.0
9.0
7.0
13.0
15.0
7.0
3.0
15.0
10.0
15.0
11.0
9.0
15.0
14.0
15.0
8.0
9.0
12.0
10.0
15.0
13.0
7.0
10.0
5.0
4.0
9.0
9.0
8.0
15.0
9.0
9.0
12.0
13.0
15.0
3.0
4.0
5.0
10.0
3.0
5.0
5.0
6.0
9.0
9.0
8.0
10.0
15.0
4.0
9.0
3.0
4.0
5.0
3.0
7.0
9.0
6.0
7.0
4.0
11.0
13.0
15.0
9.0
12.0
4.0
4.0
8.0
14.0
4.0
8.0
15.0
10.0
12.0
4.0
13.0
4.0
14.0
VALOR
15.0
9.0
9.0
9.0
9.0
11.0
9.0
9.0
10.0
9.0
9.0
10.0
9.0
9.0
9.0
9.0
12.0
9.0
9.0
9.0
14.0
14.0
13.0
13.0
15.0
10.0
12.0
9.0
9.0
14.0
15.0
10.0
14.0
9.0
10.0
9.0
9.0
9.0
10.0
9.0
15.0
11.0
9.0
13.0
15.0
10.0
9.0
9.0
9.0
13.0
9.0
9.0
9.0
9.0
9.0
15.0
9.0
9.0
11.0
9.0
11.0
9.0
9.0
9.0
9.0
9.0
9.0
9.0
9.0
9.0
14.0
13.0
11.0
11.0
11.0
9.0
9.0
9.0
9.0
9.0
9.0
11.0
9.0
10.0
9.0
12.0
9.0
14.0
ESTRES
0.049747763
0.411233506
0.232675535
0.319815567
0.038802044
0.472623489
0.15600765
0.379376471
0.153554058
0.029500799
0.11219823
0.426819751
0.182810123
0.035122613
0.284861307
0.106079426
0.130106593
0.104352223
0.256713304
0.014752687
0.312328641
0.293282057
0.35670978
0.070014081
0.005422126
0.106585801
0.023615457
0.298460193
0.296633617
0.318326414
0.055344995
0.078430174
0.35884866
0.235058144
0.323403156
0.125401105
0.063801966
0.192106251
0.040364336
0.224111054
0.206350106
0.062810053
0.456383747
0.365415505
0.166522949
0.080464599
0.015079737
0.337382843
0.251724863
0.027577456
0.079062933
0.221753915
0.247123416
0.378032087
0.138690422
0.24899119
0.254679669
0.216226733
0.25702144
0.152006042
0.235243477
0.19665273
0.447963928
0.053089824
0.117656911
0.466813513
0.251288425
0.239837684
0.298999072
0.019297065
0.287826678
0.218364083
0.195265839
0.35763019
0.162824798
0.018181214
0.354877311
0.046330219
0.159935948
0.210875584
0.166393684
0.478424545
0.384925216
0.329242966
0.269737965
0.028696365
0.21105223
0.429172244
