Valor Objetivo:583.0
Runtime:900.6212756633759
Gap:0.0017152658662092624
2_1_1_1_47_1.0
3_1_1_1_19_1.0
5_1_1_1_17_1.0
6_1_1_1_10_1.0
7_1_1_1_58_1.0
9_1_1_1_7_1.0
10_1_1_1_23_1.0
score_s_1_1_1_70.0
12_2_1_1_44_1.0
13_2_1_1_63_1.0
14_2_1_1_2_1.0
15_2_1_1_37_1.0
16_2_1_1_13_1.0
17_2_1_1_61_1.0
19_2_1_1_12_1.0
21_2_1_1_25_1.0
score_s_2_1_1_78.0
23_3_2_1_14_1.0
25_3_2_1_15_1.0
26_3_2_1_80_1.0
27_3_2_1_71_1.0
28_3_2_1_72_1.0
29_3_2_1_55_1.0
30_3_2_1_64_1.0
31_3_2_1_67_1.0
33_3_2_1_16_1.0
score_s_3_2_1_81.0
34_4_2_1_20_1.0
37_4_2_1_73_1.0
38_4_2_1_3_1.0
40_4_2_1_5_1.0
41_4_2_1_70_1.0
42_4_2_1_41_1.0
43_4_2_1_26_1.0
score_s_4_2_1_71.0
46_5_3_2_6_1.0
47_5_3_2_1_1.0
48_5_3_2_75_1.0
50_5_3_2_62_1.0
52_5_3_2_27_1.0
55_5_3_2_8_1.0
score_s_5_3_2_73.0
56_6_3_2_46_1.0
58_6_3_2_78_1.0
61_6_3_2_51_1.0
62_6_3_2_49_1.0
63_6_3_2_82_1.0
64_6_3_2_79_1.0
65_6_3_2_42_1.0
score_s_6_3_2_71.0
67_7_4_2_11_1.0
68_7_4_2_35_1.0
70_7_4_2_21_1.0
71_7_4_2_83_1.0
74_7_4_2_9_1.0
75_7_4_2_43_1.0
76_7_4_2_22_1.0
score_s_7_4_2_74.0
80_8_4_2_4_1.0
82_8_4_2_45_1.0
83_8_4_2_50_1.0
84_8_4_2_30_1.0
85_8_4_2_31_1.0
87_8_4_2_33_1.0
score_s_8_4_2_65.0
DURACION
14.0
5.0
9.0
9.0
4.0
12.0
6.0
10.0
15.0
8.0
7.0
12.0
7.0
9.0
7.0
13.0
15.0
7.0
3.0
15.0
10.0
15.0
11.0
9.0
15.0
14.0
15.0
8.0
9.0
12.0
10.0
15.0
13.0
7.0
10.0
5.0
4.0
9.0
9.0
8.0
15.0
9.0
9.0
12.0
13.0
15.0
3.0
4.0
5.0
10.0
3.0
5.0
5.0
6.0
9.0
9.0
8.0
10.0
15.0
4.0
9.0
3.0
4.0
5.0
3.0
7.0
9.0
6.0
7.0
4.0
11.0
13.0
15.0
9.0
12.0
4.0
4.0
8.0
14.0
4.0
8.0
15.0
10.0
12.0
4.0
13.0
4.0
14.0
VALOR
15.0
9.0
9.0
9.0
9.0
11.0
9.0
9.0
10.0
9.0
9.0
10.0
9.0
9.0
9.0
9.0
12.0
9.0
9.0
9.0
14.0
14.0
13.0
13.0
15.0
10.0
12.0
9.0
9.0
14.0
15.0
10.0
14.0
9.0
10.0
9.0
9.0
9.0
10.0
9.0
15.0
11.0
9.0
13.0
15.0
10.0
9.0
9.0
9.0
13.0
9.0
9.0
9.0
9.0
9.0
15.0
9.0
9.0
11.0
9.0
11.0
9.0
9.0
9.0
9.0
9.0
9.0
9.0
9.0
9.0
14.0
13.0
11.0
11.0
11.0
9.0
9.0
9.0
9.0
9.0
9.0
11.0
9.0
10.0
9.0
12.0
9.0
14.0
ESTRES
0.223303275
0.153537785
0.223453541
0.144765141
0.283318029
0.257502024
0.211503047
0.280104087
0.221568161
0.048377634
0.088066889
0.323292543
0.143601482
0.145249345
0.270436989
0.253491643
0.197603432
0.277077144
0.055776614
0.069058694
0.180533612
0.138842839
0.050955409
0.238769929
0.189062857
0.216847813
0.19226089
0.273647889
0.279382146
0.075251039
0.189772646
0.321971295
0.055225017
0.330613984
0.152700965
0.280588675
0.009603312
0.306731753
0.307453948
0.220425052
0.03276358
0.037135406
0.155264576
0.165547593
0.147263687
0.054604709
0.039251196
0.270081531
0.167856093
0.098053969
0.097701698
0.171806611
0.184550181
0.314734988
0.097394771
0.270293936
0.280306794
0.094453635
0.205724688
0.168769318
0.073525743
0.039570474
0.093887002
0.128396357
0.326479237
0.267937043
0.090698047
0.219528931
0.185711532
0.048450547
0.102462657
0.07800076
0.071153716
0.20330439
0.015323458
0.258818004
0.159444197
0.096562733
0.066868573
0.134798667
0.148586184
0.102026752
0.122916933
0.177622871
0.203291337
0.154131975
0.275062864
0.161500915
