Valor Objetivo:579.0
Runtime:900.9400107860565
Gap:0.0051813471502590676
2_1_1_1_4_1.0
3_1_1_1_3_1.0
5_1_1_1_38_1.0
6_1_1_1_10_1.0
7_1_1_1_41_1.0
9_1_1_1_18_1.0
10_1_1_1_14_1.0
score_s_1_1_1_70.0
12_2_1_1_52_1.0
13_2_1_1_65_1.0
14_2_1_1_1_1.0
17_2_1_1_26_1.0
19_2_1_1_73_1.0
20_2_1_1_31_1.0
21_2_1_1_34_1.0
score_s_2_1_1_74.0
23_3_2_1_76_1.0
25_3_2_1_60_1.0
26_3_2_1_22_1.0
27_3_2_1_21_1.0
28_3_2_1_51_1.0
29_3_2_1_13_1.0
30_3_2_1_45_1.0
31_3_2_1_46_1.0
33_3_2_1_6_1.0
score_s_3_2_1_81.0
34_4_2_1_11_1.0
37_4_2_1_78_1.0
38_4_2_1_20_1.0
40_4_2_1_37_1.0
41_4_2_1_64_1.0
42_4_2_1_39_1.0
43_4_2_1_40_1.0
score_s_4_2_1_71.0
46_5_3_2_7_1.0
47_5_3_2_5_1.0
48_5_3_2_47_1.0
50_5_3_2_50_1.0
52_5_3_2_15_1.0
55_5_3_2_42_1.0
score_s_5_3_2_73.0
56_6_3_2_24_1.0
57_6_3_2_32_1.0
58_6_3_2_8_1.0
61_6_3_2_36_1.0
62_6_3_2_28_1.0
63_6_3_2_79_1.0
65_6_3_2_27_1.0
score_s_6_3_2_71.0
67_7_4_2_2_1.0
68_7_4_2_55_1.0
70_7_4_2_19_1.0
71_7_4_2_62_1.0
74_7_4_2_86_1.0
75_7_4_2_12_1.0
76_7_4_2_16_1.0
score_s_7_4_2_74.0
80_8_4_2_25_1.0
82_8_4_2_81_1.0
83_8_4_2_17_1.0
84_8_4_2_9_1.0
85_8_4_2_75_1.0
87_8_4_2_70_1.0
score_s_8_4_2_65.0
DURACION
14.0
5.0
9.0
9.0
4.0
12.0
6.0
10.0
15.0
8.0
7.0
12.0
7.0
9.0
7.0
13.0
15.0
7.0
3.0
15.0
10.0
15.0
11.0
9.0
15.0
14.0
15.0
8.0
9.0
12.0
10.0
15.0
13.0
7.0
10.0
5.0
4.0
9.0
9.0
8.0
15.0
9.0
9.0
12.0
13.0
15.0
3.0
4.0
5.0
10.0
3.0
5.0
5.0
6.0
9.0
9.0
8.0
10.0
15.0
4.0
9.0
3.0
4.0
5.0
3.0
7.0
9.0
6.0
7.0
4.0
11.0
13.0
15.0
9.0
12.0
4.0
4.0
8.0
14.0
4.0
8.0
15.0
10.0
12.0
4.0
13.0
4.0
14.0
VALOR
15.0
9.0
9.0
9.0
9.0
11.0
9.0
9.0
10.0
9.0
9.0
10.0
9.0
9.0
9.0
9.0
12.0
9.0
9.0
9.0
14.0
14.0
13.0
13.0
15.0
10.0
12.0
9.0
9.0
14.0
15.0
10.0
14.0
9.0
10.0
9.0
9.0
9.0
10.0
9.0
15.0
11.0
9.0
13.0
15.0
10.0
9.0
9.0
9.0
13.0
9.0
9.0
9.0
9.0
9.0
15.0
9.0
9.0
11.0
9.0
11.0
9.0
9.0
9.0
9.0
9.0
9.0
9.0
9.0
9.0
14.0
13.0
11.0
11.0
11.0
9.0
9.0
9.0
9.0
9.0
9.0
11.0
9.0
10.0
9.0
12.0
9.0
14.0
ESTRES
0.049747763
0.411233506
0.232675535
0.319815567
0.038802044
0.472623489
0.15600765
0.379376471
0.153554058
0.029500799
0.11219823
0.426819751
0.182810123
0.035122613
0.284861307
0.106079426
0.130106593
0.104352223
0.256713304
0.014752687
0.312328641
0.293282057
0.35670978
0.070014081
0.005422126
0.106585801
0.023615457
0.298460193
0.296633617
0.318326414
0.055344995
0.078430174
0.35884866
0.235058144
0.323403156
0.125401105
0.063801966
0.192106251
0.040364336
0.224111054
0.206350106
0.062810053
0.456383747
0.365415505
0.166522949
0.080464599
0.015079737
0.337382843
0.251724863
0.027577456
0.079062933
0.221753915
0.247123416
0.378032087
0.138690422
0.24899119
0.254679669
0.216226733
0.25702144
0.152006042
0.235243477
0.19665273
0.447963928
0.053089824
0.117656911
0.466813513
0.251288425
0.239837684
0.298999072
0.019297065
0.287826678
0.218364083
0.195265839
0.35763019
0.162824798
0.018181214
0.354877311
0.046330219
0.159935948
0.210875584
0.166393684
0.478424545
0.384925216
0.329242966
0.269737965
0.028696365
0.21105223
0.429172244
